  0.52       10.391            1
        0.54       10.343            1
        0.56        10.52            1
       0.588       10.947            1
        0.62       11.029            1
        0.66       11.385            1
         0.7       11.387            1
        0.74       11.475            1
        0.78       11.917            1
        0.82       11.947            1
        0.86       12.099            1
         0.9       12.437            1
        0.96       12.831            1
        1.02       13.348            1
        1.06       13.567            1
        1.12        14.75            1
        1.16       15.241            1
         1.2       15.544            1
        1.24       16.463            1
        1.28         17.5            1
        1.32       18.584            1
        1.36       19.939            1
         1.4       21.344            1
        1.44       23.088            1
        1.48       26.211            1
         0.5       10.304            1
        0.48           10            1
        0.46        9.524            1
        0.44        9.355            1
        0.42        8.782            1
         0.4        8.055            1
       0.392        7.508            1
       0.384        6.075            1
       0.382            0            1
