2.028873794 1173.418753 0.04519148375 0.009772505425
3.169880312 1330.118698 0.07778747165 0.01110288979
0.5774386637 227.964752 0.1105950458 0.008683513588
1.078157364 927.333191 0.006619093668 0.01151404563
1.204709827 1057.714985 0.004167275918 0.01462388451	
0.9352449673 666.3991085 0.1122314165 0.002063277143
0.05394599386 29.7106475 0.1753026634 0.002838298866
0.3227542587 196.1442785 0.122158869 0.003174059417
0.7460868213 444.5392655 0.08897290922 0.004596110487
2.908124788 28.300193 0.1762917933 0.001539035369
3.077772091 52.448414 0.1174971687 0.01135703876
3.129858468 68.288903 0.08761528327 0.01214554991
3.099261717 84.656375 0.088057041 0.002813654825
3.389371697 120.7237115 0.07395741464 0.01542666242
3.689106227 161.037911 0.115107231 0.01361710511
4.182608207 278.493122 0.04598145286 0.02666903735
4.000214861 309.1356335 0.06922808938 0.007663791581
4.047449451 362.066426 0.08188701719 0.003074420898
5.28722317 453.916463 0.05469864782 0.02866518249
