 	t(ms)	s(cm)	    P(hPa)
   0.0000E+00  0.8174E+00  0.5776E+03
   0.1000E+01  0.7774E+00  0.5950E+03
   0.2000E+01  0.7610E+00  0.6078E+03
   0.3000E+01  0.7051E+00  0.6137E+03
   0.4000E+01  0.6874E+00  0.6201E+03
   0.5000E+01  0.6669E+00  0.6385E+03
   0.6000E+01  0.6165E+00  0.6610E+03
   0.7000E+01  0.5596E+00  0.6823E+03
   0.8000E+01  0.5246E+00  0.7033E+03
   0.9000E+01  0.4928E+00  0.6973E+03
   0.1000E+02  0.4665E+00  0.6903E+03
   0.1100E+02  0.4324E+00  0.6971E+03
   0.1200E+02  0.3983E+00  0.7206E+03
   0.1300E+02  0.3874E+00  0.7452E+03
   0.1400E+02  0.3601E+00  0.7502E+03
   0.1500E+02  0.3279E+00  0.7747E+03
   0.1600E+02  0.3282E+00  0.7862E+03
   0.1700E+02  0.2810E+00  0.7764E+03
   0.1800E+02  0.2674E+00  0.7898E+03
   0.1900E+02  0.2437E+00  0.8076E+03
   0.2000E+02  0.2274E+00  0.8176E+03
   0.2100E+02  0.2101E+00  0.8326E+03
   0.2200E+02  0.1973E+00  0.8468E+03
   0.2300E+02  0.1760E+00  0.8455E+03
   0.2400E+02  0.1646E+00  0.8578E+03
   0.2500E+02  0.1492E+00  0.8690E+03
   0.2600E+02  0.1374E+00  0.8724E+03
   0.2700E+02  0.1237E+00  0.8858E+03
   0.2800E+02  0.1092E+00  0.8725E+03
   0.2900E+02  0.8823E-01  0.8697E+03
   0.3000E+02  0.9646E-01  0.8824E+03
   0.3100E+02  0.8044E-01  0.9001E+03
   0.3200E+02  0.5373E-01  0.9251E+03
   0.3300E+02  0.4742E-01  0.9286E+03
   0.3400E+02  0.4742E-01  0.9317E+03
   0.3500E+02  0.4742E-01  0.9375E+03
   0.3600E+02  0.4742E-01  0.9437E+03
   0.3700E+02  0.4690E-01  0.9528E+03
   0.3800E+02  0.3365E-01  0.9615E+03
   0.3900E+02  0.2066E-01  0.9603E+03
   0.4000E+02  0.2280E-01  0.9583E+03
   0.4100E+02  0.1742E-01  0.9630E+03
   0.4200E+02  0.1742E-01  0.9658E+03
   0.4300E+02  0.0000E+00  0.9720E+03
   0.4400E+02  0.1742E-01  0.9679E+03
   0.4500E+02  0.1886E-01  0.9705E+03
   0.4600E+02  0.2461E-01  0.9826E+03
   0.4700E+02  0.1742E-01  0.9898E+03
   0.4800E+02  0.1742E-01  0.9941E+03
   0.4900E+02  0.1742E-01  0.9913E+03
   0.5000E+02  0.1742E-01  0.9954E+03
   0.5100E+02  0.1742E-01  0.1001E+04
   0.5200E+02  0.1742E-01  0.1005E+04
   0.5300E+02  0.2214E-01  0.1008E+04
   0.5400E+02  0.4487E-01  0.1009E+04
   0.5500E+02  0.5232E-01  0.1009E+04
   0.5600E+02  0.4742E-01  0.1007E+04
   0.5700E+02  0.5524E-01  0.1006E+04
   0.5800E+02  0.6661E-01  0.1003E+04
   0.5900E+02  0.7797E-01  0.1001E+04
   0.6000E+02  0.9125E-01  0.1001E+04
   0.6100E+02  0.1074E+00  0.1001E+04
   0.6200E+02  0.1121E+00  0.9994E+03
   0.6300E+02  0.1294E+00  0.9980E+03
   0.6400E+02  0.1374E+00  0.9968E+03
   0.6500E+02  0.1549E+00  0.9958E+03
   0.6600E+02  0.1577E+00  0.9957E+03
   0.6700E+02  0.1904E+00  0.9938E+03
   0.6800E+02  0.2074E+00  0.9922E+03
   0.6900E+02  0.2158E+00  0.9906E+03
   0.7000E+02  0.2497E+00  0.9878E+03
   0.7100E+02  0.2744E+00  0.9850E+03
   0.7200E+02  0.3106E+00  0.9822E+03
   0.7300E+02  0.3561E+00  0.9802E+03
   0.7400E+02  0.3815E+00  0.9776E+03
   0.7500E+02  0.4246E+00  0.9761E+03
   0.7600E+02  0.4587E+00  0.9755E+03
   0.7700E+02  0.4877E+00  0.9728E+03
   0.7800E+02  0.5169E+00  0.9685E+03
   0.7900E+02  0.5510E+00  0.9658E+03
   0.8000E+02  0.5943E+00  0.9624E+03
   0.8100E+02  0.5998E+00  0.9543E+03
   0.8200E+02  0.6433E+00  0.9444E+03
   0.8300E+02  0.6840E+00  0.9374E+03
   0.8400E+02  0.7315E+00  0.9333E+03
   0.8500E+02  0.7656E+00  0.9256E+03
   0.8600E+02  0.8071E+00  0.9118E+03
   0.8700E+02  0.8438E+00  0.9010E+03
   0.8800E+02  0.8480E+00  0.8942E+03
   0.8900E+02  0.8935E+00  0.8836E+03
   0.9000E+02  0.9389E+00  0.8643E+03
   0.9100E+02  0.1001E+01  0.8426E+03
   0.9200E+02  0.1070E+01  0.8203E+03
   0.9300E+02  0.1122E+01  0.7985E+03
   0.9400E+02  0.1171E+01  0.7737E+03
   0.9500E+02  0.1197E+01  0.7516E+03
   0.9600E+02  0.1234E+01  0.7331E+03
   0.9700E+02  0.1287E+01  0.7275E+03
   0.9800E+02  0.1325E+01  0.7297E+03
   0.9900E+02  0.1413E+01  0.7185E+03
   0.1000E+03  0.1477E+01  0.6923E+03
   0.1010E+03  0.1529E+01  0.6670E+03
   0.1020E+03  0.1593E+01  0.6498E+03
   0.1030E+03  0.1659E+01  0.6413E+03
   0.1040E+03  0.1699E+01  0.6369E+03
   0.1050E+03  0.1764E+01  0.6237E+03
   0.1060E+03  0.1816E+01  0.6075E+03
   0.1070E+03  0.1886E+01  0.5893E+03
   0.1080E+03  0.1940E+01  0.5703E+03
   0.1090E+03  0.1983E+01  0.5561E+03
   0.1100E+03  0.2068E+01  0.5481E+03
   0.1110E+03  0.2107E+01  0.5421E+03
   0.1120E+03  0.2175E+01  0.5314E+03
   0.1130E+03  0.2243E+01  0.5109E+03
   0.1140E+03  0.2306E+01  0.4886E+03
   0.1150E+03  0.2334E+01  0.4736E+03
   0.1160E+03  0.2388E+01  0.4636E+03
   0.1170E+03  0.2475E+01  0.4559E+03
   0.1180E+03  0.2542E+01  0.4459E+03
   0.1190E+03  0.2587E+01  0.4292E+03
   0.1200E+03  0.2644E+01  0.4140E+03
   0.1210E+03  0.2698E+01  0.4015E+03
   0.1220E+03  0.2773E+01  0.3879E+03
   0.1230E+03  0.2871E+01  0.3753E+03
   0.1240E+03  0.2906E+01  0.3624E+03
   0.1250E+03  0.2991E+01  0.3460E+03
   0.1260E+03  0.3048E+01  0.3322E+03
   0.1270E+03  0.3104E+01  0.3223E+03
   0.1280E+03  0.3166E+01  0.3104E+03
   0.1290E+03  0.3216E+01  0.2968E+03
   0.1300E+03  0.3272E+01  0.2841E+03
   0.1310E+03  0.3341E+01  0.2749E+03
   0.1320E+03  0.3379E+01  0.2641E+03
   0.1330E+03  0.3449E+01  0.2540E+03
   0.1340E+03  0.3522E+01  0.2447E+03
   0.1350E+03  0.3579E+01  0.2368E+03
   0.1360E+03  0.3647E+01  0.2317E+03
   0.1370E+03  0.3727E+01  0.2264E+03
   0.1380E+03  0.3773E+01  0.2209E+03
   0.1390E+03  0.3836E+01  0.2129E+03
   0.1400E+03  0.3883E+01  0.2015E+03
   0.1410E+03  0.3942E+01  0.1880E+03
   0.1420E+03  0.3999E+01  0.1759E+03
   0.1430E+03  0.4049E+01  0.1646E+03
   0.1440E+03  0.4091E+01  0.1571E+03
   0.1450E+03  0.4161E+01  0.1509E+03
   0.1460E+03  0.4205E+01  0.1436E+03
   0.1470E+03  0.4242E+01  0.1378E+03
   0.1480E+03  0.4302E+01  0.1304E+03
   0.1490E+03  0.4331E+01  0.1229E+03
   0.1500E+03  0.4372E+01  0.1147E+03
   0.1510E+03  0.4406E+01  0.1059E+03
   0.1520E+03  0.4440E+01  0.9878E+02
   0.1530E+03  0.4474E+01  0.9227E+02
   0.1540E+03  0.4508E+01  0.8905E+02
   0.1550E+03  0.4551E+01  0.8348E+02
   0.1560E+03  0.4576E+01  0.7863E+02
   0.1570E+03  0.4615E+01  0.7584E+02
   0.1580E+03  0.4649E+01  0.7165E+02
   0.1590E+03  0.4679E+01  0.6549E+02
   0.1600E+03  0.4713E+01  0.5967E+02
   0.1610E+03  0.4727E+01  0.5489E+02
   0.1620E+03  0.4752E+01  0.5015E+02
   0.1630E+03  0.4785E+01  0.4436E+02
   0.1640E+03  0.4789E+01  0.3817E+02
   0.1650E+03  0.4807E+01  0.3259E+02
   0.1660E+03  0.4847E+01  0.2756E+02
   0.1670E+03  0.4851E+01  0.2291E+02
   0.1680E+03  0.4847E+01  0.1979E+02
   0.1690E+03  0.4868E+01  0.1624E+02
   0.1700E+03  0.4877E+01  0.1438E+02
   0.1710E+03  0.4881E+01  0.1252E+02
   0.1720E+03  0.4892E+01  0.1106E+02
   0.1730E+03  0.4904E+01  0.1013E+02
   0.1740E+03  0.4900E+01  0.8580E+01
   0.1750E+03  0.4897E+01  0.8912E+01
   0.1760E+03  0.4927E+01  0.8206E+01
   0.1770E+03  0.4929E+01  0.9000E+01
   0.1780E+03  0.4937E+01  0.8752E+01
   0.1790E+03  0.4933E+01  0.8182E+01
   0.1800E+03  0.4933E+01  0.7711E+01
   0.1810E+03  0.4930E+01  0.6781E+01
   0.1820E+03  0.4927E+01  0.5851E+01
   0.1830E+03  0.4927E+01  0.4921E+01
   0.1840E+03  0.4927E+01  0.3991E+01
   0.1850E+03  0.4922E+01  0.3061E+01
   0.1860E+03  0.4903E+01  0.2778E+01
   0.1870E+03  0.4897E+01  0.2838E+01
   0.1880E+03  0.4897E+01  0.1908E+01
   0.1890E+03  0.4897E+01  0.1636E+01
   0.1900E+03  0.4879E+01  0.8665E+00
   0.1910E+03  0.4866E+01  0.8182E+00
   0.1920E+03  0.4847E+01  0.9933E+00
   0.1930E+03  0.4837E+01  0.1063E+01
   0.1940E+03  0.4803E+01  0.0000E+00
   0.1950E+03  0.4762E+01  0.5102E+00
   0.1960E+03  0.4747E+01  0.8182E+00
   0.1970E+03  0.4729E+01  0.8454E-01
   0.1980E+03  0.4686E+01  0.8182E+00
   0.1990E+03  0.4652E+01  0.8182E+00
   0.2000E+03  0.4609E+01  0.1069E+01
   0.2010E+03  0.4550E+01  0.1636E+01
   0.2020E+03  0.4516E+01  0.2110E+01
   0.2030E+03  0.4486E+01  0.3040E+01
   0.2040E+03  0.4443E+01  0.3273E+01
   0.2050E+03  0.4408E+01  0.2464E+01
   0.2060E+03  0.4375E+01  0.2557E+01
   0.2070E+03  0.4347E+01  0.3487E+01
   0.2080E+03  0.4301E+01  0.4091E+01
   0.2090E+03  0.4251E+01  0.4529E+01
   0.2100E+03  0.4201E+01  0.4909E+01
   0.2110E+03  0.4155E+01  0.4909E+01
   0.2120E+03  0.4110E+01  0.5682E+01
   0.2130E+03  0.4063E+01  0.5794E+01
   0.2140E+03  0.3999E+01  0.6902E+01
   0.2150E+03  0.3953E+01  0.8472E+01
   0.2160E+03  0.3898E+01  0.9402E+01
   0.2170E+03  0.3842E+01  0.1084E+02
   0.2180E+03  0.3789E+01  0.1208E+02
   0.2190E+03  0.3714E+01  0.1375E+02
   0.2200E+03  0.3666E+01  0.1561E+02
   0.2210E+03  0.3620E+01  0.1775E+02
   0.2220E+03  0.3569E+01  0.2122E+02
   0.2230E+03  0.3510E+01  0.2400E+02
   0.2240E+03  0.3452E+01  0.2632E+02
   0.2250E+03  0.3413E+01  0.2818E+02
   0.2260E+03  0.3347E+01  0.3004E+02
   0.2270E+03  0.3278E+01  0.3271E+02
   0.2280E+03  0.3257E+01  0.3642E+02
   0.2290E+03  0.3171E+01  0.4036E+02
   0.2300E+03  0.3103E+01  0.4468E+02
   0.2310E+03  0.3040E+01  0.4884E+02
   0.2320E+03  0.2950E+01  0.5349E+02
   0.2330E+03  0.2885E+01  0.5947E+02
   0.2340E+03  0.2830E+01  0.6753E+02
   0.2350E+03  0.2771E+01  0.7522E+02
   0.2360E+03  0.2701E+01  0.8508E+02
   0.2370E+03  0.2660E+01  0.9404E+02
   0.2380E+03  0.2613E+01  0.1043E+03
   0.2390E+03  0.2560E+01  0.1145E+03
   0.2400E+03  0.2514E+01  0.1247E+03
   0.2410E+03  0.2471E+01  0.1335E+03
   0.2420E+03  0.2386E+01  0.1463E+03
   0.2430E+03  0.2347E+01  0.1663E+03
   0.2440E+03  0.2282E+01  0.1878E+03
   0.2450E+03  0.2220E+01  0.2052E+03
   0.2460E+03  0.2158E+01  0.2167E+03
   0.2470E+03  0.2080E+01  0.2219E+03
   0.2480E+03  0.2023E+01  0.2218E+03
   0.2490E+03  0.1948E+01  0.2209E+03
   0.2500E+03  0.1911E+01  0.2291E+03
   0.2510E+03  0.1859E+01  0.2441E+03
   0.2520E+03  0.1809E+01  0.2644E+03
   0.2530E+03  0.1735E+01  0.2890E+03
   0.2540E+03  0.1680E+01  0.3167E+03
   0.2550E+03  0.1627E+01  0.3368E+03
   0.2560E+03  0.1589E+01  0.3434E+03
   0.2570E+03  0.1522E+01  0.3399E+03
   0.2580E+03  0.1461E+01  0.3468E+03
   0.2590E+03  0.1416E+01  0.3623E+03
   0.2600E+03  0.1367E+01  0.3772E+03
   0.2610E+03  0.1313E+01  0.3952E+03
   0.2620E+03  0.1264E+01  0.4093E+03
   0.2630E+03  0.1212E+01  0.4160E+03
   0.2640E+03  0.1167E+01  0.4262E+03
   0.2650E+03  0.1133E+01  0.4451E+03
   0.2660E+03  0.1058E+01  0.4697E+03
   0.2670E+03  0.1015E+01  0.4994E+03
   0.2680E+03  0.9756E+00  0.5117E+03
   0.2690E+03  0.9165E+00  0.5213E+03
   0.2700E+03  0.8801E+00  0.5351E+03
   0.2710E+03  0.9774E+00  0.5465E+03
   0.2720E+03  0.8306E+00  0.5640E+03
   0.2730E+03  0.7847E+00  0.5836E+03
   0.2740E+03  0.7528E+00  0.5934E+03
   0.2750E+03  0.7065E+00  0.6035E+03
   0.2760E+03  0.6906E+00  0.6138E+03
   0.2770E+03  0.6710E+00  0.6228E+03
   0.2780E+03  0.6101E+00  0.6391E+03
   0.2790E+03  0.5765E+00  0.6557E+03
   0.2800E+03  0.5537E+00  0.6696E+03
   0.2810E+03  0.4965E+00  0.6839E+03
   0.2820E+03  0.4624E+00  0.6988E+03
   0.2830E+03  0.4283E+00  0.7126E+03
   0.2840E+03  0.3942E+00  0.7256E+03
   0.2850E+03  0.3874E+00  0.7416E+03
   0.2860E+03  0.3460E+00  0.7570E+03
   0.2870E+03  0.3193E+00  0.7618E+03
   0.2880E+03  0.3146E+00  0.7741E+03
   0.2890E+03  0.2783E+00  0.7899E+03
   0.2900E+03  0.2674E+00  0.8005E+03
   0.2910E+03  0.2528E+00  0.8082E+03
   0.2920E+03  0.2301E+00  0.8178E+03
   0.2930E+03  0.1974E+00  0.8280E+03
   0.2940E+03  0.1946E+00  0.8429E+03
   0.2950E+03  0.1774E+00  0.8571E+03
   0.2960E+03  0.1650E+00  0.8682E+03
   0.2970E+03  0.1419E+00  0.8757E+03
   0.2980E+03  0.1168E+00  0.8830E+03
   0.2990E+03  0.1074E+00  0.8927E+03
   0.3000E+03  0.1074E+00  0.9045E+03
   0.3010E+03  0.8742E-01  0.9153E+03
   0.3020E+03  0.8742E-01  0.9225E+03
   0.3030E+03  0.7266E-01  0.9319E+03
   0.3040E+03  0.6258E-01  0.9372E+03
   0.3050E+03  0.5815E-01  0.9411E+03
   0.3060E+03  0.5520E-01  0.9470E+03
   0.3070E+03  0.4827E-01  0.9543E+03
   0.3080E+03  0.4793E-01  0.9575E+03
   0.3090E+03  0.5554E-01  0.9628E+03
   0.3100E+03  0.4092E-01  0.9665E+03
   0.3110E+03  0.3203E-01  0.9706E+03
   0.3120E+03  0.2546E-01  0.9753E+03
   0.3130E+03  0.1742E-01  0.9781E+03
   0.3140E+03  0.8708E-02  0.9835E+03
   0.3150E+03  0.1742E-01  0.9851E+03
   0.3160E+03  0.1742E-01  0.9884E+03
   0.3170E+03  0.2022E-01  0.9937E+03
   0.3180E+03  0.1908E-01  0.9952E+03
   0.3190E+03  0.1849E-01  0.9975E+03
   0.3200E+03  0.1362E-01  0.1000E+04
   0.3210E+03  0.1568E-01  0.1001E+04
   0.3220E+03  0.1742E-01  0.1004E+04
   0.3230E+03  0.1841E-01  0.1005E+04
   0.3240E+03  0.2506E-01  0.1006E+04
   0.3250E+03  0.2860E-01  0.1008E+04
   0.3260E+03  0.5251E-01  0.1009E+04
   0.3270E+03  0.5096E-01  0.1009E+04
   0.3280E+03  0.4742E-01  0.1010E+04
   0.3290E+03  0.4742E-01  0.1010E+04
   0.3300E+03  0.7797E-01  0.1010E+04
   0.3310E+03  0.9317E-01  0.1009E+04
   0.3320E+03  0.1141E+00  0.1009E+04
   0.3330E+03  0.1121E+00  0.1008E+04
   0.3340E+03  0.1234E+00  0.1005E+04
   0.3350E+03  0.1348E+00  0.1004E+04
   0.3360E+03  0.1462E+00  0.1002E+04
   0.3370E+03  0.1675E+00  0.1002E+04
   0.3380E+03  0.1804E+00  0.1000E+04
   0.3390E+03  0.1974E+00  0.9988E+03
   0.3400E+03  0.2016E+00  0.9975E+03
   0.3410E+03  0.2241E+00  0.9961E+03
   0.3420E+03  0.2582E+00  0.9952E+03
   0.3430E+03  0.3006E+00  0.9935E+03
   0.3440E+03  0.3461E+00  0.9901E+03
   0.3450E+03  0.3795E+00  0.9880E+03
   0.3460E+03  0.4022E+00  0.9847E+03
   0.3470E+03  0.4287E+00  0.9822E+03
   0.3480E+03  0.4628E+00  0.9785E+03
   0.3490E+03  0.4904E+00  0.9743E+03
   0.3500E+03  0.5289E+00  0.9696E+03
   0.3510E+03  0.5559E+00  0.9650E+03
   0.3520E+03  0.5992E+00  0.9602E+03
   0.3530E+03  0.6333E+00  0.9524E+03
   0.3540E+03  0.6674E+00  0.9431E+03
   0.3550E+03  0.7062E+00  0.9342E+03
   0.3560E+03  0.7456E+00  0.9248E+03
   0.3570E+03  0.7797E+00  0.9152E+03
   0.3580E+03  0.8401E+00  0.9037E+03
   0.3590E+03  0.8474E+00  0.8883E+03
   0.3600E+03  0.8565E+00  0.8729E+03
   0.3610E+03  0.9132E+00  0.8594E+03
   0.3620E+03  0.9444E+00  0.8435E+03
   0.3630E+03  0.1024E+01  0.8267E+03
   0.3640E+03  0.1088E+01  0.8126E+03
   0.3650E+03  0.1139E+01  0.7976E+03
   0.3660E+03  0.1177E+01  0.7802E+03
   0.3670E+03  0.1201E+01  0.7651E+03
   0.3680E+03  0.1240E+01  0.7483E+03
   0.3690E+03  0.1296E+01  0.7307E+03
   0.3700E+03  0.1353E+01  0.7128E+03
   0.3710E+03  0.1417E+01  0.6986E+03
   0.3720E+03  0.1477E+01  0.6862E+03
   0.3730E+03  0.1552E+01  0.6749E+03
   0.3740E+03  0.1601E+01  0.6711E+03
   0.3750E+03  0.1663E+01  0.6577E+03
   0.3760E+03  0.1708E+01  0.6379E+03
   0.3770E+03  0.1771E+01  0.6290E+03
   0.3780E+03  0.1822E+01  0.6171E+03
   0.3790E+03  0.1897E+01  0.6083E+03
   0.3800E+03  0.1970E+01  0.5999E+03
   0.3810E+03  0.2009E+01  0.5814E+03
   0.3820E+03  0.2081E+01  0.5642E+03
   0.3830E+03  0.2112E+01  0.5481E+03
   0.3840E+03  0.2173E+01  0.5314E+03
   0.3850E+03  0.2241E+01  0.5202E+03
   0.3860E+03  0.2309E+01  0.5105E+03
   0.3870E+03  0.2353E+01  0.5006E+03
   0.3880E+03  0.2416E+01  0.4935E+03
   0.3890E+03  0.2494E+01  0.4767E+03
   0.3900E+03  0.2560E+01  0.4574E+03
   0.3910E+03  0.2632E+01  0.4394E+03
   0.3920E+03  0.2698E+01  0.4223E+03
   0.3930E+03  0.2747E+01  0.4051E+03
   0.3940E+03  0.2815E+01  0.3936E+03
   0.3950E+03  0.2865E+01  0.3866E+03
   0.3960E+03  0.2931E+01  0.3788E+03
   0.3970E+03  0.3000E+01  0.3645E+03
   0.3980E+03  0.3061E+01  0.3479E+03
   0.3990E+03  0.3130E+01  0.3293E+03
   0.4000E+03  0.3196E+01  0.3122E+03
   0.4010E+03  0.3237E+01  0.2982E+03
   0.4020E+03  0.3292E+01  0.2874E+03
   0.4030E+03  0.3349E+01  0.2797E+03
   0.4040E+03  0.3415E+01  0.2745E+03
   0.4050E+03  0.3466E+01  0.2710E+03
   0.4060E+03  0.3535E+01  0.2637E+03
   0.4070E+03  0.3626E+01  0.2492E+03
   0.4080E+03  0.3676E+01  0.2353E+03
   0.4090E+03  0.3738E+01  0.2262E+03
   0.4100E+03  0.3777E+01  0.2162E+03
   0.4110E+03  0.3834E+01  0.2088E+03
   0.4120E+03  0.3907E+01  0.2029E+03
   0.4130E+03  0.3975E+01  0.1960E+03
   0.4140E+03  0.4008E+01  0.1813E+03
   0.4150E+03  0.4060E+01  0.1710E+03
   0.4160E+03  0.4109E+01  0.1635E+03
   0.4170E+03  0.4164E+01  0.1574E+03
   0.4180E+03  0.4202E+01  0.1468E+03
   0.4190E+03  0.4274E+01  0.1397E+03
   0.4200E+03  0.4308E+01  0.1350E+03
   0.4210E+03  0.4347E+01  0.1310E+03
   0.4220E+03  0.4392E+01  0.1239E+03
   0.4230E+03  0.4430E+01  0.1180E+03
   0.4240E+03  0.4455E+01  0.1141E+03
   0.4250E+03  0.4508E+01  0.1087E+03
   0.4260E+03  0.4521E+01  0.1019E+03
   0.4270E+03  0.4552E+01  0.9255E+02
   0.4280E+03  0.4609E+01  0.8331E+02
   0.4290E+03  0.4649E+01  0.7913E+02
   0.4300E+03  0.4672E+01  0.7309E+02
   0.4310E+03  0.4694E+01  0.6150E+02
   0.4320E+03  0.4727E+01  0.5170E+02
   0.4330E+03  0.4722E+01  0.4818E+02
   0.4340E+03  0.4763E+01  0.4683E+02
   0.4350E+03  0.4777E+01  0.4404E+02
   0.4360E+03  0.4793E+01  0.4168E+02
   0.4370E+03  0.4814E+01  0.3874E+02
   0.4380E+03  0.4841E+01  0.3371E+02
   0.4390E+03  0.4838E+01  0.3043E+02
