0,0.102217,0.0140751
0.025025,0.102209,0.0142138
0.05005,0.102191,0.014587
0.075075,0.102203,0.0147242
0.1001,0.102215,0.0149654
0.125125,0.102188,0.0150242
0.15015,0.102186,0.0151392
0.175175,0.102195,0.015238
0.2002,0.102192,0.0153219
0.225225,0.102198,0.0153271
0.25025,0.102199,0.0153367
0.275275,0.102193,0.0153333
0.3003,0.102196,0.0153162
0.325325,0.102194,0.0153015
0.35035,0.102191,0.0152625
0.375375,0.102208,0.0152485
0.4004,0.102206,0.0152007
0.425425,0.102197,0.0151464
0.45045,0.102205,0.0151883
0.475475,0.102202,0.0151821
0.5005,0.102202,0.0151671
0.525525,0.102192,0.015192
0.55055,0.102184,0.015187
0.575575,0.102196,0.0152273
0.6006,0.10219,0.015241
0.625625,0.102188,0.0152686
0.65065,0.102187,0.0152747
0.675675,0.102192,0.0152753
0.7007,0.102196,0.0152578
0.725725,0.102197,0.0152597
0.75075,0.102179,0.0152085
0.775775,0.102184,0.0150995
0.8008,0.102203,0.0147328
0.825825,0.102213,0.0146759
0.85085,0.102212,0.0145924
0.875875,0.102212,0.0143697
0.9009,0.10223,0.0140286
0.925925,0.102228,0.0139685
0.95095,0.102257,0.0134265
0.975975,0.102255,0.013375
1.001,0.102254,0.0130093
1.02602,0.102281,0.012758
1.05105,0.102281,0.0126233
1.07607,0.10231,0.0124092
1.1011,0.102289,0.0121226
1.12613,0.102296,0.0120768
1.15115,0.102286,0.0120421
1.17617,0.102289,0.0120527
1.2012,0.102281,0.0120844
1.22622,0.10228,0.0121002
1.25125,0.102281,0.0121264
1.27628,0.102279,0.0121855
1.3013,0.102267,0.0126303
1.32632,0.102251,0.01275
1.35135,0.102226,0.0132637
1.37637,0.10222,0.0134316
1.4014,0.1022,0.0140078
1.42643,0.102172,0.0142098
1.45145,0.102197,0.0146816
1.47647,0.102163,0.0150469
1.5015,0.102146,0.0154283
1.52652,0.102143,0.0158427
1.55155,0.102041,0.0163713
1.57658,0.102076,0.0165841
1.6016,0.102041,0.0169684
1.62662,0.10207,0.0171815
1.65165,0.102047,0.0172675
1.67667,0.102045,0.017307
1.7017,0.10208,0.0173449
1.72673,0.102093,0.017305
1.75175,0.102117,0.0172613
1.77677,0.102127,0.0172299
1.8018,0.102104,0.0171176
1.82682,0.102151,0.0167799
1.85185,0.102141,0.0164587
1.87688,0.102165,0.0161986
1.9019,0.102159,0.0158701
1.92692,0.102215,0.0153029
1.95195,0.1022,0.0150495
1.97697,0.102251,0.0147036
2.002,0.10226,0.0141926
2.02703,0.102246,0.013939
2.05205,0.102272,0.013391
2.07707,0.102282,0.0131978
2.1021,0.102275,0.0127696
2.12712,0.102293,0.012604
2.15215,0.102325,0.0122614
2.17718,0.102314,0.0120896
2.2022,0.102303,0.0120061
2.22722,0.10231,0.0120058
2.25225,0.102294,0.0120095
2.27727,0.102299,0.0120233
2.3023,0.10228,0.0120703
2.32733,0.102277,0.012109
2.35235,0.102279,0.01215
2.37737,0.102271,0.0121967
2.4024,0.102298,0.012526
2.42742,0.102273,0.0127166
2.45245,0.102234,0.0129618
2.47748,0.102226,0.0132212
2.5025,0.102237,0.013431
2.52752,0.102214,0.0136144
2.55255,0.102199,0.0139656
2.57757,0.102207,0.0140329
2.6026,0.102171,0.0144061
2.62763,0.102194,0.0145921
2.65265,0.102191,0.0147149
2.67767,0.102177,0.0147611
2.7027,0.102181,0.0151121
2.72772,0.102168,0.0152345
2.75275,0.102165,0.0153149
2.77778,0.102182,0.0153269
2.8028,0.102183,0.0153363
2.82782,0.10219,0.0153434
2.85285,0.102181,0.015392
2.87787,0.102191,0.0154043
2.9029,0.102191,0.0156674
2.92793,0.102202,0.0158087
2.95295,0.102181,0.0159224
2.97797,0.102179,0.0159356
3.003,0.102169,0.015645
3.02802,0.102182,0.0153268
3.05305,0.102197,0.0153167
3.07808,0.10219,0.0155366
3.1031,0.10209,0.0160682
3.12812,0.102096,0.0167334
3.15315,0.102025,0.0171719
3.17817,0.102086,0.01734
3.2032,0.102055,0.0176651
3.22823,0.102093,0.0173197
3.25325,0.102132,0.0167522
3.27827,0.102174,0.0159203
3.3033,0.102349,0.0147533
3.32832,0.102502,0.0132788
3.35335,0.102611,0.0113081
3.37838,0.102905,0.0093221
3.4034,0.103118,0.00721692
3.42842,0.103197,0.00505226
3.45345,0.103037,0.003034
3.47847,0.103055,0.00097189
3.5035,0.103019,-0.000855251
3.52853,0.103026,-0.00267087
3.55355,0.10295,-0.00403923
3.57857,0.10295,-0.00518549
3.6036,0.102904,-0.0064375
3.62862,0.102917,-0.0074219
3.65365,0.102862,-0.00838869
3.67868,0.102908,-0.00898737
3.7037,0.102902,-0.00956405
3.72872,0.102908,-0.0102827
3.75375,0.102927,-0.0106931
3.77877,0.102966,-0.0110501
3.8038,0.102979,-0.0115763
3.82883,0.102972,-0.0120225
3.85385,0.102906,-0.0125476
3.87887,0.102897,-0.0131204
3.9039,0.102947,-0.013545
3.92893,0.102962,-0.0136739
3.95395,0.102963,-0.0140948
3.97898,0.102969,-0.0142306
4.004,0.102896,-0.0144027
4.02902,0.102957,-0.0143735
4.05405,0.10296,-0.0144336
4.07907,0.103,-0.0145213
4.1041,0.10303,-0.0148006
4.12913,0.103059,-0.0148328
4.15415,0.103045,-0.0149375
4.17917,0.103048,-0.0149907
4.2042,0.103053,-0.0150565
4.22922,0.103072,-0.0149925
4.25425,0.103071,-0.0150252
4.27928,0.103082,-0.0149507
4.3043,0.103079,-0.0149742
4.32932,0.103085,-0.0149462
4.35435,0.103126,-0.0152297
4.37937,0.103123,-0.0153922
4.4044,0.103129,-0.0154203
4.42943,0.103132,-0.0154181
4.45445,0.103115,-0.0148756
4.47947,0.103147,-0.0139645
4.5045,0.103629,-0.0121889
4.52952,0.103704,-0.00956907
4.55455,0.103804,-0.00586653
4.57958,0.104026,-0.00199587
4.6046,0.104106,0.00299381
4.62962,0.10397,0.00811278
4.65465,0.103399,0.0138057
4.67967,0.102769,0.0192194
4.7047,0.101507,0.0248883
4.72973,0.100621,0.0294496
4.75475,0.0994035,0.0338908
4.77977,0.0980875,0.0376933
4.8048,0.0967585,0.0406913
4.82982,0.0960176,0.0426612
4.85485,0.0954164,0.0439143
4.87988,0.0954428,0.044078
4.9049,0.0955296,0.0434449
4.92992,0.0963348,0.0417117
4.95495,0.0974126,0.0389565
4.97997,0.0987173,0.03527
5.005,0.100034,0.0312487
5.03003,0.101331,0.0261584
5.05505,0.102701,0.0204789
5.08007,0.103516,0.0146702
5.1051,0.104206,0.00843914
5.13012,0.104262,0.00251584
5.15515,0.104291,-0.00323018
5.18018,0.103778,-0.00831378
5.2052,0.103124,-0.0124979
5.23022,0.102754,-0.016064
5.25525,0.102434,-0.0191683
5.28027,0.101904,-0.0206169
5.3053,0.101785,-0.0214485
5.33033,0.101895,-0.021158
5.35535,0.102154,-0.0197688
5.38037,0.102474,-0.017485
5.4054,0.103029,-0.0143165
5.43042,0.103653,-0.0102887
5.45545,0.103947,-0.0051269
5.48048,0.10418,0.000129979
5.5055,0.104029,0.00628417
5.53052,0.103469,0.0127411
5.55555,0.102728,0.0191763
5.58057,0.101354,0.0255071
5.6056,0.100005,0.0312819
5.63063,0.0981859,0.0367121
5.65565,0.0967521,0.0409263
5.68067,0.0950409,0.0447575
5.7057,0.093896,0.0471887
5.73072,0.0928822,0.0492044
5.75575,0.0927205,0.0497949
5.78078,0.0927313,0.0496717
5.8058,0.0934251,0.0485336
5.83082,0.0941961,0.0465951
5.85585,0.0955613,0.0435003
5.88087,0.0970806,0.0396579
5.9059,0.0988446,0.0346519
5.93093,0.100581,0.0291918
5.95595,0.102074,0.0230596
5.98097,0.103232,0.0166228
6.006,0.104053,0.0103679
6.03102,0.104204,0.00442293
6.05605,0.104264,-0.00134525
6.08108,0.104229,-0.00680857
6.1061,0.103741,-0.0113639
6.13112,0.103158,-0.0148491
6.15615,0.102546,-0.0175333
6.18117,0.102473,-0.0194089
6.2062,0.102395,-0.0205551
6.23123,0.102478,-0.0205123
6.25625,0.102551,-0.0192439
6.28127,0.103053,-0.017289
6.3063,0.103533,-0.0142449
6.33132,0.10385,-0.0102329
6.35635,0.104313,-0.00572989
6.38138,0.104253,-0.000311242
6.4064,0.104264,0.00519805
6.43142,0.104058,0.0108378
6.45645,0.103403,0.0166455
6.48147,0.102142,0.0223015
6.5065,0.101078,0.0275736
6.53153,0.100071,0.0315784
6.55655,0.0987784,0.0352186
6.58157,0.0975707,0.0383951
6.6066,0.0967924,0.0403522
6.63162,0.0962264,0.0416218
6.65665,0.0961525,0.0417182
6.68168,0.0961497,0.0414103
6.7067,0.0967506,0.0400015
6.73172,0.0975738,0.0377261
6.75675,0.0987503,0.0345046
6.78177,0.100013,0.0306538
6.8068,0.101286,0.0261484
6.83183,0.102127,0.0215964
6.85685,0.103318,0.0162006
6.88187,0.103661,0.0114461
6.9069,0.10414,0.00637816
6.93192,0.104215,0.00190377
6.95695,0.104231,-0.00198407
6.98198,0.104096,-0.00538083
7.007,0.103721,-0.00782174
7.03202,0.103678,-0.00971864
7.05705,0.103684,-0.0108633
7.08207,0.103667,-0.0110389
7.1071,0.103656,-0.0105094
7.13213,0.103704,-0.00906734
7.15715,0.103887,-0.00694676
7.18217,0.104193,-0.00441979
7.2072,0.104254,-0.000706357
7.23222,0.104231,0.00331476
7.25725,0.104127,0.00788651
7.28228,0.103499,0.0128043
7.3073,0.102819,0.0178491
7.33232,0.102068,0.0226342
7.35735,0.100785,0.0274311
7.38237,0.0999638,0.0312638
7.4074,0.098794,0.0346711
7.43243,0.0980004,0.0373366
7.45745,0.0969108,0.0395388
7.48247,0.0967122,0.0403045
7.5075,0.0967398,0.0403935
7.53252,0.0967873,0.0399816
7.55755,0.0974342,0.0383106
7.58258,0.0980996,0.0361589
7.6076,0.0993729,0.0327944
7.63262,0.100225,0.0292819
7.65765,0.101376,0.0246811
7.68267,0.102318,0.0197956
7.7077,0.103373,0.0140821
7.73273,0.1037,0.00884116
7.75775,0.104153,0.00311521
7.78277,0.104217,-0.00199221
7.8078,0.103766,-0.0066662
7.83282,0.103632,-0.0109026
7.85785,0.103094,-0.0141414
7.88288,0.102969,-0.0166245
7.9079,0.102494,-0.0180945
7.93293,0.102461,-0.0186309
7.95795,0.102466,-0.0184049
7.98297,0.102507,-0.016902
8.008,0.103051,-0.01492
8.03303,0.103592,-0.0120593
8.05805,0.103716,-0.0080678
8.08307,0.104108,-0.00356026
8.1081,0.10419,0.00157909
8.13312,0.104069,0.00702387
8.15815,0.103445,0.0129419
8.18318,0.102707,0.0186897
8.2082,0.101453,0.0245705
8.23322,0.100081,0.029839
8.25825,0.0987151,0.0345013
8.28327,0.0973465,0.0385975
8.3083,0.0960766,0.0418686
8.33333,0.0948571,0.0443166
8.35835,0.0941438,0.0457464
8.38338,0.0940051,0.046373
8.4084,0.0941263,0.0461585
8.43342,0.0947676,0.044897
8.45845,0.0954974,0.0428679
8.48348,0.0967772,0.0399492
8.5085,0.098088,0.0361642
8.53353,0.0994826,0.031854
8.55855,0.100818,0.0267562
8.58357,0.102112,0.0211033
8.6086,0.103249,0.0152971
8.63363,0.10375,0.00964675
8.65865,0.104085,0.00380385
8.68368,0.104176,-0.00136403
8.7087,0.103923,-0.00633656
8.73372,0.103643,-0.0103836
8.75875,0.103096,-0.0138449
8.78378,0.102995,-0.0163193
8.8088,0.102506,-0.0177859
8.83383,0.102467,-0.0183983
8.85885,0.102468,-0.0183983
8.88387,0.102521,-0.0171524
8.9089,0.102975,-0.0150953
8.93393,0.103498,-0.0122494
8.95895,0.103701,-0.00850532
8.98398,0.103973,-0.00398397
9.009,0.104044,0.000772341
9.03402,0.103991,0.00587212
9.05905,0.10345,0.0112935
9.08408,0.102775,0.0165881
9.1091,0.102,0.0216119
9.13412,0.100883,0.0264112
9.15915,0.100006,0.030099
9.18417,0.0987849,0.0335838
9.2092,0.0980205,0.0359355
9.23423,0.0974205,0.0377538
9.25925,0.0968533,0.0387429
9.28427,0.0967684,0.0389981
9.3093,0.0971541,0.0381925
9.33432,0.0974101,0.0367921
9.35935,0.0981899,0.034531
9.38438,0.0990941,0.0318027
9.4094,0.100073,0.028061
9.43442,0.101081,0.0239191
9.45945,0.10204,0.0195607
9.48447,0.102749,0.0149553
9.5095,0.103362,0.0102905
9.53453,0.103515,0.00614889
9.55955,0.103581,0.00213206
9.58457,0.103601,-0.0012907
9.6096,0.103605,-0.00425187
9.63462,0.103556,-0.00646597
9.65965,0.103261,-0.00811346
9.68468,0.103053,-0.00886865
9.7097,0.103026,-0.00889601
9.73472,0.103052,-0.00824614
9.75975,0.103228,-0.00693991
9.78477,0.103414,-0.00468184
9.8098,0.103575,-0.00187962
9.83483,0.103566,0.00152681
9.85985,0.103486,0.00538098
9.88487,0.103196,0.00953062
9.9099,0.102651,0.01405
9.93492,0.102032,0.0185941
9.95995,0.101262,0.0228665
9.98498,0.100186,0.0269205
10.01,0.0993523,0.0303141
10.035,0.0982807,0.0332213
10.0601,0.0976983,0.0354689
10.0851,0.0969189,0.0366836
10.1101,0.0968007,0.0375225
10.1351,0.0968115,0.0376181
10.1601,0.097186,0.0364799
10.1852,0.0979145,0.0347935
10.2102,0.0987104,0.0323891
10.2352,0.0995562,0.0293884
10.2602,0.100677,0.0255087
10.2853,0.101465,0.0211392
10.3103,0.102227,0.0164704
10.3353,0.102897,0.0115684
10.3604,0.103477,0.00638849
10.3854,0.103549,0.00144937
10.4104,0.103606,-0.00314893
10.4354,0.103576,-0.00713905
10.4604,0.102976,-0.0106054
10.4855,0.102921,-0.013316
10.5105,0.102471,-0.01527
10.5355,0.102438,-0.0161679
10.5605,0.10243,-0.0161748
10.5856,0.102437,-0.0154371
10.6106,0.102602,-0.0137765
10.6356,0.102877,-0.0111782
10.6607,0.103111,-0.00810255
10.6857,0.103442,-0.00436338
10.7107,0.103564,0.000251273
10.7357,0.103524,0.00511265
10.7607,0.102999,0.0104245
10.7858,0.102254,0.0159554
10.8108,0.101428,0.0211275
10.8358,0.100243,0.0262269
10.8608,0.0990111,0.0309522
10.8859,0.0976124,0.0350445
10.9109,0.0964895,0.0383752
10.9359,0.0952412,0.0409852
10.961,0.0945797,0.0428375
10.986,0.0941927,0.0439445
11.011,0.0941704,0.0441166
11.036,0.0943523,0.043379
11.061,0.0952583,0.0417891
11.0861,0.0961615,0.0392378
11.1111,0.0973048,0.0362323
11.1361,0.0986405,0.0324952
11.1611,0.0999772,0.0278992
11.1862,0.101228,0.0230699
11.2112,0.102142,0.0177997
11.2362,0.10279,0.0125987
11.2613,0.10339,0.0071634
11.2863,0.103558,0.00214152
11.3113,0.103598,-0.00261171
11.3363,0.103449,-0.00676007
11.3613,0.103003,-0.010256
11.3864,0.102977,-0.0128934
11.4114,0.102542,-0.014748
11.4364,0.102459,-0.015873
11.4614,0.102443,-0.0159727
11.4865,0.102459,-0.0153116
11.5115,0.102665,-0.0136676
11.5365,0.102878,-0.0112747
11.5616,0.103163,-0.00823104
11.5866,0.103498,-0.00451377
11.6116,0.103568,-0.000166347
11.6366,0.103536,0.00447827
11.6616,0.103227,0.00925626
11.6867,0.102704,0.0141402
11.7117,0.102047,0.0187299
11.7367,0.101103,0.023097
11.7617,0.100095,0.0269877
11.7868,0.0992163,0.0301751
11.8118,0.0984767,0.0328176
11.8368,0.0977099,0.0347155
11.8619,0.0973044,0.0359597
11.8869,0.0973167,0.0363281
11.9119,0.0973432,0.0360138
11.9369,0.0975515,0.0351663
11.9619,0.0982366,0.0332994
11.987,0.0989889,0.0308993
12.012,0.0998992,0.0276976
12.037,0.100813,0.0240747
12.062,0.101541,0.0203781
12.0871,0.102396,0.0162854
12.1121,0.10279,0.0120679
12.1371,0.103057,0.00816383
12.1622,0.103313,0.00451511
12.1872,0.10347,0.00127245
12.2122,0.103501,-0.00152658
12.2372,0.103518,-0.00375479
12.2622,0.103525,-0.00531757
12.2873,0.103441,-0.00632578
12.3123,0.103464,-0.00645105
12.3373,0.103552,-0.00613695
12.3623,0.103612,-0.00504375
12.3874,0.103618,-0.00326612
12.4124,0.103599,-0.000790675
12.4374,0.103587,0.00199481
12.4625,0.103537,0.00558538
12.4875,0.103428,0.00913572
12.5125,0.102758,0.0133342
12.5375,0.102244,0.0172479
12.5625,0.101456,0.0212218
12.5876,0.100747,0.0249146
12.6126,0.0999469,0.0282222
12.6376,0.099276,0.0309177
12.6626,0.0985952,0.032875
12.6877,0.0981064,0.0343412
12.7127,0.0978935,0.0352235
12.7377,0.0979339,0.0352783
12.7628,0.0981137,0.0344238
12.7878,0.0986067,0.0331273
12.8128,0.0993362,0.0309713
12.8378,0.100075,0.0282042
12.8628,0.100809,0.0247413
12.8879,0.101545,0.0210572
12.9129,0.102249,0.0166855
12.9379,0.102883,0.0121778
12.9629,0.103447,0.00762985
12.988,0.10355,0.00304303
13.013,0.103595,-0.0010409
13.038,0.103615,-0.00500859
13.0631,0.103296,-0.00814706
13.0881,0.103007,-0.0107518
13.1131,0.102889,-0.0125826
13.1381,0.102933,-0.0136429
13.1631,0.102903,-0.0137996
13.1882,0.102927,-0.0132095
13.2132,0.10298,-0.0118819
13.2382,0.103052,-0.00966767
13.2632,0.103399,-0.0068709
13.2883,0.103588,-0.00322523
13.3133,0.103585,0.000733541
13.3383,0.103547,0.00526999
13.3634,0.103117,0.00989058
13.3884,0.102396,0.0148607
13.4134,0.101622,0.0198634
13.4384,0.100729,0.0245126
13.4634,0.09956,0.0288422
13.4885,0.0985892,0.0326469
13.5135,0.097373,0.0359122
13.5385,0.096525,0.0384375
13.5635,0.0959744,0.0402317
13.5886,0.0954787,0.0412698
13.6136,0.0954479,0.0415807
13.6386,0.0955258,0.0410174
13.6637,0.096092,0.0397126
13.6887,0.0968869,0.0375624
13.7137,0.097974,0.0346766
13.7387,0.0988947,0.0312815
13.7637,0.100089,0.0272527
13.7888,0.101213,0.0227607
13.8138,0.102143,0.0180327
13.8388,0.102754,0.0132172
13.8638,0.103384,0.00828708
13.8889,0.103535,0.00367338
13.9139,0.10358,-0.000571033
13.9389,0.103597,-0.00447923
13.964,0.103424,-0.0076333
13.989,0.103059,-0.0101158
14.014,0.102933,-0.011985
14.039,0.102959,-0.0129964
14.064,0.102925,-0.0132326
14.0891,0.103009,-0.012704
14.1141,0.103026,-0.0114745
14.1391,0.10311,-0.00932497
14.1641,0.103539,-0.00661021
14.1892,0.103589,-0.00329957
14.2142,0.103582,0.000613755
14.2392,0.103547,0.0046109
14.2643,0.1034,0.00905038
14.2893,0.102819,0.0135359
14.3143,0.102164,0.0176989
14.3393,0.101432,0.0216609
14.3643,0.100698,0.0252585
14.3894,0.0998923,0.0282399
14.4144,0.0993466,0.0307218
14.4394,0.098751,0.0325417
14.4644,0.0982909,0.0337851
14.4895,0.0981773,0.0340821
14.5145,0.0981665,0.0339176
14.5395,0.0985139,0.0329674
14.5646,0.0988978,0.0314524
14.5896,0.099597,0.0293224
14.6146,0.10021,0.026509
14.6396,0.101152,0.0233878
14.6646,0.101636,0.0198938
14.6897,0.102292,0.0161258
14.7147,0.102677,0.0123881
14.7397,0.102961,0.00888341
14.7647,0.103238,0.00559178
14.7898,0.103203,0.00266234
14.8148,0.103168,0.000169538
14.8398,0.103102,-0.00188137
14.8649,0.103089,-0.00320496
14.8899,0.103055,-0.00399428
14.9149,0.103071,-0.00424394
14.9399,0.10305,-0.00381615
14.9649,0.103048,-0.00264177
14.99,0.10306,-0.00109736
15.015,0.103049,0.00119398
15.04,0.103002,0.00386436
15.065,0.102946,0.00697203
15.0901,0.102804,0.0102446
15.1151,0.102153,0.0140309
15.1401,0.101664,0.0176927
15.1652,0.101084,0.0210921
15.1902,0.100266,0.0242994
15.2152,0.099629,0.027157
15.2402,0.0988812,0.0295418
15.2652,0.0983686,0.0314731
15.2903,0.0980625,0.0324984
15.3153,0.0977016,0.0332183
15.3403,0.097692,0.0332339
15.3653,0.0980957,0.032183
15.3904,0.0983672,0.0308163
15.4154,0.0990306,0.0288653
15.4404,0.0997076,0.0262502
15.4655,0.100361,0.0230504
15.4905,0.101144,0.0193968
15.5155,0.101705,0.0154545
15.5405,0.102262,0.011444
15.5655,0.102789,0.00707672
15.5906,0.102924,0.00311745
15.6156,0.102978,-0.000669469
15.6406,0.103014,-0.00395102
15.6656,0.102964,-0.00694574
15.6907,0.102684,-0.00905353
15.7157,0.102406,-0.0105611
15.7407,0.102424,-0.0113791
15.7658,0.102428,-0.0114842
15.7908,0.102425,-0.0108018
15.8158,0.102426,-0.00930886
15.8408,0.102691,-0.00710367
15.8659,0.10295,-0.00442404
15.8909,0.103031,-0.00115254
15.9159,0.102975,0.00267502
15.9409,0.102915,0.00685146
15.9659,0.102369,0.0112736
15.991,0.101692,0.0159885
16.016,0.101174,0.0203799
16.041,0.100269,0.0245161
16.0661,0.0991733,0.0284305
16.0911,0.098188,0.0318513
16.1161,0.0973013,0.0346703
16.1411,0.0964861,0.0369861
16.1662,0.096035,0.0384608
16.1912,0.0955997,0.0394378
16.2162,0.0955461,0.0395839
16.2412,0.0958761,0.0387467
16.2662,0.0963749,0.037586
16.2913,0.0970854,0.0355967
16.3163,0.0979601,0.0326814
16.3413,0.0989775,0.0294947
16.3664,0.100003,0.0256008
16.3914,0.100902,0.0216844
16.4164,0.1016,0.0172294
16.4414,0.102248,0.0128263
16.4665,0.102787,0.00834794
16.4915,0.102969,0.0042551
16.5165,0.103036,0.000440418
16.5415,0.103044,-0.00284846
16.5665,0.103059,-0.00580273
16.5916,0.102943,-0.00799116
16.6166,0.102613,-0.00934594
16.6416,0.10248,-0.0102945
16.6667,0.102447,-0.010313
16.6917,0.102468,-0.00962689
16.7167,0.10262,-0.00840404
16.7417,0.102787,-0.00650097
16.7668,0.103048,-0.00381889
16.7918,0.103052,-0.000735965
16.8168,0.103012,0.0028897
16.8418,0.102938,0.00677035
16.8668,0.102692,0.0105593
16.8919,0.102296,0.0146123
16.9169,0.101614,0.0184089
16.9419,0.10096,0.0217412
16.967,0.100268,0.0249093
16.992,0.0995978,0.0274566
17.017,0.0989882,0.0296248
17.042,0.0987087,0.0311352
17.0671,0.0982613,0.0319566
17.0921,0.0982181,0.0321987
17.1171,0.0982523,0.0318856
17.1421,0.0986986,0.0308158
17.1671,0.0990632,0.0292951
17.1922,0.0996705,0.0269489
17.2172,0.100244,0.0244197
17.2422,0.100784,0.0215667
17.2673,0.101526,0.0184021
17.2923,0.102096,0.0152653
17.3173,0.102365,0.0117618
17.3423,0.102723,0.00882519
17.3674,0.102904,0.0058463
17.3924,0.102981,0.00341208
17.4174,0.103037,0.0013368
17.4424,0.103017,-6.83164e-05
17.4674,0.103016,-0.00127327
17.4925,0.103004,-0.0015375
17.5175,0.103014,-0.00152527
17.5425,0.103001,-0.000847415
17.5676,0.103003,0.000222751
17.5926,0.10299,0.0019078
17.6176,0.10297,0.00414013
17.6426,0.102933,0.00664914
17.6677,0.102768,0.00938059
17.6927,0.102347,0.0126407
17.7177,0.101847,0.0158435
17.7427,0.101496,0.0191059
17.7677,0.100854,0.0220738
17.7928,0.100164,0.0249036
17.8178,0.0996345,0.0273513
17.8428,0.0990862,0.0293257
17.8679,0.0987242,0.0306673
17.8929,0.0984237,0.0316956
17.9179,0.0982555,0.0318477
17.9429,0.0983106,0.0314442
17.968,0.0988126,0.0302946
17.993,0.0991248,0.0287564
18.018,0.099667,0.0267204
18.043,0.100353,0.0238981
18.068,0.100914,0.0208574
18.0931,0.101654,0.0172944
18.1181,0.102083,0.0136514
18.1431,0.102381,0.00995708
18.1682,0.102809,0.00611412
18.1932,0.102943,0.00254054
18.2182,0.10299,-0.000696778
18.2432,0.103037,-0.00367969
18.2683,0.102989,-0.00607903
18.2933,0.10293,-0.00778191
18.3183,0.102816,-0.00898151
18.3433,0.102894,-0.00931828
18.3683,0.102885,-0.00918231
18.3934,0.102986,-0.00824321
18.4184,0.103035,-0.00653291
18.4434,0.103051,-0.00431231
18.4685,0.103129,-0.00147933
18.4935,0.103048,0.00190256
18.5185,0.10298,0.00549555
18.5435,0.102883,0.0094568
18.5686,0.102269,0.0136486
18.5936,0.101609,0.0175029
18.6186,0.100929,0.0216069
18.6436,0.100179,0.0254597
18.6686,0.0993174,0.0287504
18.6937,0.0984204,0.0318353
18.7187,0.0976471,0.0343127
18.7437,0.096982,0.036018
18.7688,0.0965168,0.0370934
18.7938,0.0962989,0.0375932
18.8188,0.096363,0.037486
18.8438,0.0965457,0.0365126
18.8689,0.0973652,0.0350536
18.8939,0.0981074,0.0327862
18.9189,0.0988791,0.0301033
18.9439,0.0996947,0.0270211
18.9689,0.100475,0.0235191
18.994,0.10133,0.0195841
19.019,0.101837,0.0157054
19.044,0.10233,0.0116549
19.0691,0.102792,0.00762743
19.0941,0.102948,0.00395727
19.1191,0.102983,0.000707785
19.1441,0.103001,-0.00214072
19.1692,0.10303,-0.00446374
19.1942,0.103042,-0.00622808
19.2192,0.102874,-0.00731986
19.2442,0.102885,-0.00768429
19.2692,0.102959,-0.00766767
19.2943,0.103031,-0.00678788
19.3193,0.103066,-0.00535819
19.3443,0.103081,-0.00330453
19.3694,0.103069,-0.000713134
19.3944,0.103037,0.00206951
19.4194,0.102981,0.00540003
19.4444,0.102916,0.00855774
19.4695,0.102474,0.01207
19.4945,0.101957,0.0155729
19.5195,0.101578,0.0186471
19.5445,0.100925,0.0217039
19.5695,0.100274,0.0242462
19.5946,0.0998994,0.0263507
19.6196,0.0994671,0.0278198
19.6446,0.099281,0.0288735
19.6697,0.0991242,0.0294367
19.6947,0.0989776,0.0294063
19.7197,0.0990418,0.0287399
19.7447,0.0994036,0.0274914
19.7698,0.100048,0.0258134
19.7948,0.100424,0.0236968
19.8198,0.10097,0.0212251
19.8448,0.101483,0.0185819
19.8698,0.10188,0.0157335
19.8949,0.102254,0.0129781
19.9199,0.102527,0.0100876
19.9449,0.102846,0.00762973
19.97,0.10295,0.00520571
19.995,0.102989,0.00330844
20.02,0.103003,0.00182155
20.045,0.103004,0.000670204
20.07,0.103017,0.000133358
20.0951,0.103001,3.30273e-05
20.1201,0.102998,0.000559811
20.1451,0.102995,0.00135205
20.1701,0.102994,0.00283248
20.1952,0.102951,0.00462506
20.2202,0.102934,0.00679816
20.2452,0.102841,0.00916524
20.2703,0.102262,0.0119852
20.2953,0.102107,0.0148768
20.3203,0.101627,0.0177975
20.3453,0.101328,0.0206739
20.3703,0.10067,0.0230666
20.3954,0.100187,0.0252965
20.4204,0.0996269,0.0271969
20.4454,0.0993023,0.0286869
20.4704,0.099023,0.0296551
20.4955,0.0989466,0.0298523
20.5205,0.0989076,0.0298198
20.5455,0.0989491,0.0291837
20.5706,0.0994503,0.0276784
20.5956,0.0999044,0.0259618
20.6206,0.100422,0.0236413
20.6456,0.100998,0.0209968
20.6706,0.101628,0.0177885
20.6957,0.101867,0.0146491
20.7207,0.102403,0.0110563
20.7457,0.102767,0.007718
20.7707,0.102921,0.00430389
20.7958,0.102974,0.00127522
20.8208,0.102973,-0.00145765
20.8458,0.103032,-0.00379273
20.8709,0.103049,-0.00567695
20.8959,0.103032,-0.00696905
20.9209,0.102932,-0.00755928
20.9459,0.102965,-0.0076039
20.9709,0.10299,-0.00697269
20.996,0.103023,-0.0056928
21.021,0.10308,-0.00383508
21.046,0.103073,-0.00137435
21.071,0.103024,0.00142198
21.0961,0.103002,0.00462287
21.1211,0.102919,0.00817035
21.1461,0.102449,0.0119234
21.1712,0.101751,0.015822
21.1962,0.101405,0.0195823
21.2212,0.100656,0.023
21.2462,0.0999545,0.026238
21.2712,0.0991735,0.0292151
21.2963,0.0985427,0.0316945
21.3213,0.0977862,0.0334093
21.3463,0.0975627,0.0346223
21.3713,0.0973389,0.035333
21.3964,0.097361,0.0353997
21.4214,0.0975327,0.0346834
21.4464,0.097715,0.033711
21.4715,0.0982907,0.0318824
21.4965,0.0989764,0.0295821
21.5215,0.099711,0.0269016
21.5465,0.100606,0.0238673
21.5715,0.101152,0.0203863
21.5966,0.101956,0.0166898
21.6216,0.102261,0.0133395
21.6466,0.102494,0.00976567
21.6716,0.102866,0.00630401
21.6967,0.102991,0.00328221
21.7217,0.103018,0.00061449
21.7467,0.103042,-0.00165389
21.7718,0.10303,-0.00335217
21.7968,0.103034,-0.00457935
21.8218,0.103022,-0.00525526
21.8468,0.103022,-0.00528523
21.8718,0.103024,-0.00466606
21.8969,0.103041,-0.00374073
21.9219,0.103038,-0.00198614
21.9469,0.103009,-5.83221e-06
21.9719,0.102998,0.00251035
21.997,0.102957,0.00521873
22.022,0.102874,0.00815062
22.047,0.102701,0.0110672
22.0721,0.102158,0.0141775
22.0971,0.101769,0.0170093
22.1221,0.101446,0.0197826
22.1471,0.100912,0.0221661
22.1721,0.100321,0.0241467
22.1972,0.100146,0.0255533
22.2222,0.0996991,0.0267177
22.2472,0.0995823,0.0273036
22.2722,0.0995348,0.0273975
22.2973,0.0995514,0.0268608
22.3223,0.0999011,0.0260063
22.3473,0.100255,0.0247475
22.3724,0.100757,0.0229146
22.3974,0.100996,0.0209977
22.4224,0.101569,0.0185271
22.4474,0.102034,0.0160245
22.4724,0.102186,0.0135484
22.4975,0.10237,0.0112701
22.5225,0.10282,0.00883398
22.5475,0.102922,0.00692296
22.5725,0.10299,0.00514014
22.5976,0.102991,0.00384286
22.6226,0.103004,0.00285551
22.6476,0.102986,0.00247291
22.6727,0.102991,0.00241156
22.6977,0.102982,0.00263079
22.7227,0.102963,0.00359732
22.7477,0.102954,0.00486418
22.7727,0.102937,0.00638519
22.7978,0.102904,0.00827228
22.8228,0.102667,0.0104102
22.8478,0.102363,0.012887
22.8728,0.102005,0.0153903
22.8979,0.101803,0.0179724
22.9229,0.101299,0.0203857
22.9479,0.100886,0.0227472
22.973,0.100269,0.0248181
22.998,0.100106,0.0266614
23.023,0.0995597,0.0278344
23.048,0.0994693,0.028688
23.073,0.099327,0.0290181
23.0981,0.0993776,0.0287022
23.1231,0.0995334,0.0280558
23.1481,0.0997292,0.0268657
23.1731,0.100285,0.0250876
23.1982,0.100784,0.0230309
23.2232,0.101134,0.0205022
23.2482,0.101633,0.0177718
23.2733,0.102097,0.0147435
23.2983,0.102323,0.0115876
23.3233,0.102872,0.00842517
23.3483,0.102935,0.00548054
23.3733,0.102986,0.00258968
23.3984,0.103011,7.15733e-05
23.4234,0.103032,-0.00207156
23.4484,0.10306,-0.00373043
23.4734,0.103051,-0.00508994
23.4985,0.103045,-0.00577129
23.5235,0.103061,-0.0057697
23.5485,0.103049,-0.005165
23.5736,0.103038,-0.00408574
23.5986,0.10304,-0.00254665
23.6236,0.103005,-0.000316933
23.6486,0.102997,0.00232027
23.6736,0.102974,0.00512483
23.6987,0.102917,0.00818196
23.7237,0.102418,0.0115263
23.7487,0.102135,0.0151412
23.7737,0.101549,0.0185258
23.7988,0.10088,0.0216941
23.8238,0.100328,0.0247688
23.8488,0.0996308,0.0274264
23.8739,0.0989444,0.0297219
23.8989,0.0984735,0.0313639
23.9239,0.0979556,0.0325853
23.9489,0.0979119,0.0332411
23.9739,0.0978212,0.0334078
23.999,0.0978845,0.0331327
24.024,0.0982138,0.0320469
24.049,0.098788,0.0306156
24.074,0.0993012,0.0287155
24.0991,0.0999792,0.026402
24.1241,0.100677,0.0236533
24.1491,0.101327,0.0207913
24.1742,0.102008,0.0174284
24.1992,0.102317,0.0144822
24.2242,0.102642,0.0112099
24.2492,0.102936,0.0082819
24.2743,0.103074,0.0055912
24.2993,0.103095,0.00312801
24.3243,0.103098,0.00105791
24.3493,0.103063,-0.000508494
24.3743,0.103084,-0.00173853
24.3994,0.103058,-0.00254823
24.4244,0.103052,-0.00258451
24.4494,0.103059,-0.00231415
24.4745,0.103023,-0.00134054
24.4995,0.103011,-7.88319e-05
24.5245,0.103002,0.0016646
24.5495,0.102978,0.00377002
24.5746,0.102969,0.006188
24.5996,0.102931,0.00856838
24.6246,0.102461,0.0112001
24.6496,0.10221,0.0139382
24.6746,0.101795,0.0163165
24.6997,0.101536,0.0185835
24.7247,0.101052,0.0205697
24.7497,0.100771,0.0222778
24.7748,0.100298,0.0237156
24.7998,0.100218,0.0246404
24.8248,0.100182,0.0250017
24.8498,0.100176,0.0250138
24.8749,0.100192,0.0248184
24.8999,0.10027,0.0240393
24.9249,0.100585,0.0228029
24.9499,0.100827,0.0212586
24.9749,0.101435,0.0194648
25,0.101607,0.0172917
25.025,0.102101,0.0152833
25.05,0.102197,0.013255
25.0751,0.102518,0.0111147
25.1001,0.10261,0.00907449
25.1251,0.102891,0.00744462
25.1501,0.102959,0.0061421
25.1752,0.102964,0.00505501
25.2002,0.102969,0.00436303
25.2252,0.102981,0.00392452
25.2502,0.102973,0.00387425
25.2752,0.102961,0.00442793
25.3003,0.10296,0.00519045
25.3253,0.102928,0.00637416
25.3503,0.10292,0.00779699
25.3754,0.102828,0.00955776
25.4004,0.102521,0.0114909
25.4254,0.102168,0.0139366
25.4504,0.101952,0.0159804
25.4755,0.101566,0.0184384
25.5005,0.101265,0.0204666
25.5255,0.100857,0.0224115
25.5505,0.100535,0.0243043
25.5755,0.100208,0.025591
25.6006,0.0999784,0.0267551
25.6256,0.0998537,0.0274026
25.6506,0.0998054,0.0275212
25.6757,0.0996945,0.0273644
25.7007,0.0997276,0.0267477
25.7257,0.100212,0.0254678
25.7507,0.100625,0.0239098
25.7758,0.10094,0.0219119
25.8008,0.101466,0.0196801
25.8258,0.101868,0.0170612
25.8508,0.102237,0.014308
25.8758,0.102584,0.0114451
25.9009,0.102918,0.00861542
25.9259,0.103042,0.0057444
25.9509,0.103031,0.003159
25.976,0.103098,0.000831481
26.001,0.103061,-0.00112985
26.026,0.103105,-0.00267102
26.051,0.103083,-0.00373695
26.0761,0.103074,-0.00442789
26.1011,0.10306,-0.00447643
26.1261,0.103033,-0.00391898
26.1511,0.103035,-0.003022
26.1761,0.103023,-0.00148125
26.2012,0.103004,0.000495399
26.2262,0.102979,0.00287509
26.2512,0.102954,0.00566546
26.2763,0.10291,0.00836175
26.3013,0.102491,0.0113776
26.3263,0.102044,0.0146039
26.3513,0.101644,0.0175651
26.3764,0.101106,0.0204886
26.4014,0.100656,0.0232738
26.4264,0.10014,0.0255682
26.4514,0.0995269,0.0276695
26.4764,0.0990142,0.0293175
26.5015,0.0987431,0.0305788
26.5265,0.0985172,0.0312689
26.5515,0.0985606,0.0313669
26.5766,0.0987776,0.0312192
26.6016,0.0989404,0.0301612
26.6266,0.0993289,0.0289841
26.6516,0.0996273,0.0271753
26.6767,0.100211,0.0250454
26.7017,0.100885,0.0226872
26.7267,0.101373,0.0200049
26.7517,0.101746,0.0171978
26.7767,0.102227,0.0145669
26.8018,0.102325,0.0118726
26.8268,0.102784,0.00932427
26.8518,0.102935,0.00693872
26.8769,0.103006,0.00468099
26.9019,0.10302,0.00296406
26.9269,0.103019,0.00159092
26.9519,0.103028,0.00058751
26.977,0.103018,-8.59149e-05
27.002,0.10302,-0.000117458
27.027,0.103027,0.000106044
27.052,0.103017,0.000829877
27.077,0.102992,0.00188774
27.1021,0.102985,0.00332068
27.1271,0.102952,0.00510551
27.1521,0.102931,0.00704322
27.1772,0.102848,0.00905563
27.2022,0.102695,0.0113939
27.2272,0.102294,0.0137306
27.2522,0.102139,0.015522
27.2773,0.101729,0.017513
27.3023,0.10149,0.0192114
27.3273,0.10114,0.0206183
27.3523,0.100878,0.0217178
27.3773,0.100755,0.0224295
27.4024,0.100721,0.0227644
27.4274,0.100753,0.0228298
27.4524,0.100827,0.022417
27.4775,0.100874,0.0216533
27.5025,0.100963,0.0205785
27.5275,0.101442,0.019179
27.5525,0.101593,0.017631
27.5775,0.101977,0.0157421
27.6026,0.102202,0.0140603
27.6276,0.102373,0.0122185
27.6526,0.102515,0.0104995
27.6776,0.102663,0.00876964
27.7027,0.102808,0.00755038
27.7277,0.102939,0.00634157
27.7527,0.102962,0.00547005
27.7778,0.102966,0.00507539
27.8028,0.102971,0.00504212
27.8278,0.102968,0.00511839
27.8528,0.102959,0.00573671
27.8778,0.102933,0.00652275
27.9029,0.102915,0.00766944
27.9279,0.102871,0.00911942
27.9529,0.102737,0.0109079
27.9779,0.102362,0.0127965
28.003,0.102152,0.0147435
28.028,0.101813,0.0168901
28.053,0.101533,0.0188778
28.078,0.101135,0.0208241
28.1031,0.100871,0.0225029
28.1281,0.100323,0.0242051
28.1531,0.100178,0.0253024
28.1782,0.0999064,0.0262438
28.2032,0.0997095,0.0267923
28.2282,0.0996248,0.0268369
28.2532,0.0996975,0.0265261
28.2782,0.100026,0.0255475
28.3033,0.100225,0.0244534
28.3283,0.100575,0.0229168
28.3533,0.100823,0.0209836
28.3783,0.101546,0.0187815
28.4034,0.101815,0.0162064
28.4284,0.102151,0.0138154
28.4534,0.102395,0.0111694
28.4785,0.102843,0.00837028
28.5035,0.102897,0.00586146
28.5285,0.103014,0.00336418
28.5535,0.103033,0.00135214
28.5785,0.103027,-0.000425263
28.6036,0.103036,-0.00181177
28.6286,0.103026,-0.00288428
28.6536,0.103048,-0.0031726
28.6786,0.103031,-0.00322338
28.7037,0.103022,-0.00261866
28.7287,0.103033,-0.00186677
28.7537,0.103032,-0.000471041
28.7788,0.102989,0.00140328
28.8038,0.102966,0.0035458
28.8288,0.102937,0.00590327
28.8538,0.102922,0.00840431
28.8788,0.102392,0.0111348
28.9039,0.102131,0.0141917
28.9289,0.101653,0.0167169
28.9539,0.101459,0.0196784
28.9789,0.100855,0.0218292
29.004,0.100294,0.0241914
29.029,0.0999258,0.0260073
29.054,0.0995369,0.0274744
29.0791,0.0991287,0.0286362
29.1041,0.0989815,0.0294221
29.1291,0.0989169,0.0294136
29.1541,0.098916,0.0292668
29.1791,0.0992167,0.0283406
29.2042,0.0995377,0.0271399
29.2292,0.100028,0.0256653
29.2542,0.100325,0.0237765
29.2792,0.100838,0.0216892
29.3043,0.101413,0.0195144
29.3293,0.101704,0.0168237
29.3543,0.101865,0.0146275
29.3794,0.102206,0.0121502
29.4044,0.102423,0.00984866
29.4294,0.102631,0.00771339
29.4544,0.102875,0.00580942
29.4794,0.102945,0.0043495
29.5045,0.102978,0.00316312
29.5295,0.103014,0.00206058
29.5545,0.102981,0.00187031
29.5795,0.102979,0.00174435
29.6046,0.102979,0.00193305
29.6296,0.102975,0.00264765
29.6546,0.102962,0.00353086
29.6797,0.102939,0.00501026
29.7047,0.10295,0.00644201
29.7297,0.102904,0.00816084
29.7547,0.102744,0.00995396
29.7797,0.102389,0.011841
29.8048,0.102206,0.0139877
29.8298,0.101995,0.0155901
29.8548,0.101732,0.0171649
29.8798,0.101564,0.0185522
29.9049,0.101438,0.0197329
29.9299,0.101046,0.0204883
29.9549,0.100921,0.0209041
29.98,0.100905,0.021156
30.005,0.100886,0.0210788
30.03,0.100962,0.0205148
30.055,0.101013,0.0197863
30.08,0.101391,0.0186838
30.1051,0.101569,0.0173834
30.1301,0.101776,0.0159291
30.1551,0.102078,0.0143681
30.1802,0.102195,0.0127746
30.2052,0.102283,0.0113024
30.2302,0.10254,0.00975447
30.2552,0.102569,0.00842445
30.2802,0.102637,0.00718339
30.3053,0.102789,0.00633417
30.3303,0.10288,0.00583001
30.3553,0.102915,0.00570139
30.3803,0.102928,0.00570172
30.4054,0.102935,0.00612952
30.4304,0.102872,0.00686113
30.4554,0.10284,0.00775524
30.4805,0.102823,0.00896215
30.5055,0.102781,0.0103652
30.5305,0.10235,0.0122297
30.5555,0.102211,0.0140077
30.5805,0.101844,0.0158615
30.6056,0.101636,0.0177314
30.6306,0.101448,0.0195771
30.6556,0.100992,0.0213906
30.6806,0.1007,0.0227487
30.7057,0.100408,0.0241688
30.7307,0.100188,0.0250343
30.7557,0.100113,0.0257038
30.7808,0.0999647,0.0260905
30.8058,0.10006,0.0261117
30.8308,0.100174,0.0255156
30.8558,0.100261,0.0247451
30.8808,0.100487,0.0235527
30.9059,0.100777,0.0219276
30.9309,0.101272,0.0200866
30.9559,0.101595,0.0179321
30.9809,0.101976,0.0155959
31.006,0.102189,0.0132108
31.031,0.102702,0.0107254
31.056,0.102906,0.008461
31.0811,0.103011,0.00613812
31.1061,0.103034,0.00403277
31.1311,0.103026,0.00204707
31.1561,0.103031,0.000613043
31.1811,0.103019,-0.000642064
31.2062,0.103039,-0.00137833
31.2312,0.103051,-0.00186498
31.2562,0.103043,-0.0018857
31.2812,0.103016,-0.00125323
31.3063,0.103006,-0.000270004
31.3313,0.102982,0.00111081
31.3563,0.102992,0.00281813
31.3814,0.10296,0.00464335
31.4064,0.102928,0.00685586
31.4314,0.102836,0.00921425
31.4564,0.102496,0.0117785
31.4814,0.102108,0.014199
31.5065,0.101779,0.0167051
31.5315,0.101505,0.0190563
31.5565,0.101022,0.0212083
31.5816,0.100504,0.0232159
31.6066,0.10019,0.0247041
31.6316,0.0999294,0.0261758
31.6566,0.099617,0.0270274
31.6817,0.0994335,0.0274066
31.7067,0.0994493,0.0275014
31.7317,0.0994991,0.0273405
31.7567,0.0995844,0.0266908
31.7817,0.100058,0.0256423
31.8068,0.100245,0.0243019
31.8318,0.100691,0.0226475
31.8568,0.100911,0.0206987
31.8819,0.101541,0.0187211
31.9069,0.101641,0.0166296
31.9319,0.102095,0.014624
31.9569,0.102208,0.0127619
31.982,0.10243,0.0105479
32.007,0.10262,0.00872207
32.032,0.102892,0.00726205
32.057,0.10295,0.00596636
32.0821,0.102976,0.00493712
32.1071,0.10298,0.00424417
32.1321,0.102997,0.00401358
32.1571,0.102976,0.0038977
32.1822,0.102973,0.00427035
32.2072,0.102968,0.00500313
32.2322,0.102944,0.00581029
32.2572,0.102905,0.0068404
32.2822,0.102879,0.00825524
32.3073,0.102845,0.00956874
32.3323,0.102551,0.0111801
32.3573,0.102248,0.0127148
32.3824,0.102158,0.0142069
32.4074,0.102093,0.0154946
32.4324,0.101694,0.0167882
32.4574,0.101682,0.0178464
32.4825,0.1015,0.018645
32.5075,0.101437,0.0192313
32.5325,0.101427,0.0194244
32.5575,0.10147,0.0193081
32.5825,0.101512,0.0190955
32.6076,0.10156,0.0184559
32.6326,0.101621,0.017789
32.6576,0.101663,0.0167172
32.6827,0.101819,0.0155109
32.7077,0.102113,0.014194
32.7327,0.102232,0.0128186
32.7577,0.102316,0.0114887
32.7828,0.102508,0.01013
32.8078,0.102575,0.0089685
32.8328,0.102617,0.00784523
32.8578,0.102807,0.00697759
32.8828,0.102891,0.00647024
32.9079,0.102899,0.00630548
32.9329,0.102921,0.00630973
32.9579,0.102924,0.00641539
32.983,0.102916,0.00707029
33.008,0.102894,0.00776781
33.033,0.102806,0.00894347
33.058,0.102781,0.0101587
33.0831,0.102534,0.0116783
33.1081,0.102238,0.0133623
33.1331,0.102018,0.0150655
33.1581,0.101891,0.0167368
33.1831,0.101597,0.0185228
33.2082,0.101413,0.0201453
33.2332,0.101023,0.0215091
33.2582,0.100853,0.0228494
33.2833,0.100424,0.024071
33.3083,0.100249,0.0248085
33.3333,0.100204,0.0252499
33.3583,0.100182,0.0252397
33.3834,0.100196,0.0249604
33.4084,0.100235,0.02437
33.4334,0.100318,0.0235956
33.4584,0.100658,0.0223443
33.4834,0.100923,0.0208066
33.5085,0.10137,0.0190007
33.5335,0.101673,0.0170898
33.5585,0.102086,0.0149836
33.5836,0.102253,0.0126506
33.6086,0.102573,0.0104166
33.6336,0.102827,0.00828214
33.6586,0.10294,0.00625202
33.6837,0.102973,0.00441763
33.7087,0.10301,0.00279096
33.7337,0.103011,0.00137286
33.7587,0.102998,0.00044716
33.7837,0.103006,-0.000105851
33.8088,0.103018,-0.000325804
33.8338,0.103013,-0.000102529
33.8588,0.103,0.000488914
33.8839,0.10299,0.00127965
33.9089,0.102979,0.00254743
33.9339,0.102968,0.00396147
33.9589,0.102934,0.00578946
33.984,0.102905,0.00774576
34.009,0.102781,0.00980171
34.034,0.102322,0.0121513
34.059,0.102102,0.0144232
34.084,0.101758,0.0166499
34.1091,0.101552,0.0185788
34.1341,0.10107,0.0205574
34.1591,0.100776,0.0222143
34.1842,0.100335,0.0236606
34.2092,0.100223,0.024728
34.2342,0.100105,0.0254771
34.2592,0.100065,0.0258049
34.2843,0.10008,0.0259786
34.3093,0.100131,0.0255762
34.3343,0.100217,0.0249332
34.3593,0.100302,0.0240541
34.3843,0.100581,0.0228254
34.4094,0.100852,0.0216556
34.4344,0.101397,0.0198722
34.4594,0.10161,0.0181203
34.4845,0.101829,0.0163945
34.5095,0.101949,0.0146613
34.5345,0.10223,0.0131421
34.5595,0.102369,0.0115148
34.5846,0.102455,0.0100956
34.6096,0.102647,0.00888911
34.6346,0.102856,0.00777353
34.6596,0.102914,0.00695365
34.6846,0.102944,0.00649059
34.7097,0.102933,0.006369
34.7347,0.102934,0.00637958
34.7597,0.102925,0.00654991
34.7848,0.102927,0.00721468
34.8098,0.102917,0.00806946
34.8348,0.102886,0.00893149
34.8598,0.102794,0.0100677
34.8849,0.10259,0.0113239
34.9099,0.102588,0.0125372
34.9349,0.102393,0.0139539
34.9599,0.102262,0.0151304
34.9849,0.102072,0.0160314
35.01,0.102024,0.0169672
35.035,0.101961,0.0177467
35.06,0.101965,0.018147
35.0851,0.101929,0.0184468
35.1101,0.101993,0.018494
35.1351,0.102079,0.018417
35.1601,0.102107,0.0178635
35.1852,0.102128,0.0172321
35.2102,0.102135,0.016426
35.2352,0.102349,0.0153886
35.2602,0.102334,0.0144506
35.2852,0.102488,0.0132772
35.3103,0.102503,0.0120923
35.3353,0.102709,0.0108168
35.3603,0.102863,0.00972859
35.3854,0.102908,0.00876773
35.4104,0.102907,0.00812923
35.4354,0.102957,0.00757456
35.4604,0.10297,0.00721418
35.4855,0.102959,0.00707205
35.5105,0.102959,0.00710341
35.5355,0.102926,0.00769046
35.5605,0.102902,0.00838624
35.5855,0.102821,0.00940924
35.6106,0.102767,0.0104165
35.6356,0.102676,0.0118128
35.6606,0.1026,0.0132413
35.6857,0.102358,0.0147404
35.7107,0.102165,0.01621
35.7357,0.101933,0.0178013
35.7607,0.101678,0.0194608
35.7858,0.101446,0.0208511
35.8108,0.101262,0.0220862
35.8358,0.100937,0.0231579
35.8608,0.100786,0.0241831
35.8858,0.100679,0.0245627
35.9109,0.100693,0.0247754
35.9359,0.100723,0.0248426
35.9609,0.100764,0.0244833
35.986,0.10085,0.0236864
36.011,0.101027,0.0228256
36.036,0.101271,0.0214936
36.061,0.101482,0.0198711
36.0861,0.101981,0.0182841
36.1111,0.10215,0.0164351
36.1361,0.102587,0.0145498
36.1611,0.102688,0.0125109
36.1861,0.102958,0.0104147
36.2112,0.103097,0.00840868
36.2362,0.103097,0.00677699
36.2612,0.103237,0.00510191
36.2863,0.103149,0.0037305
36.3113,0.103094,0.00256894
36.3363,0.10305,0.0018252
36.3613,0.103051,0.00135226
36.3864,0.103046,0.00120189
36.4114,0.103018,0.00126472
36.4364,0.103003,0.0019237
36.4614,0.102992,0.00287955
36.4864,0.102983,0.00403481
36.5115,0.102967,0.00520868
36.5365,0.102933,0.0069602
36.5615,0.102895,0.008839
36.5866,0.102684,0.0106456
36.6116,0.102325,0.0126803
36.6366,0.102196,0.0146399
36.6616,0.102078,0.0165219
36.6867,0.101619,0.0183429
36.7117,0.101476,0.0198457
36.7367,0.101095,0.0212391
36.7617,0.100846,0.0223587
36.7867,0.100733,0.0232606
36.8118,0.100556,0.0237328
36.8368,0.100594,0.0240985
36.8618,0.10067,0.0241695
36.8869,0.100751,0.0237215
36.9119,0.100839,0.0232691
36.9369,0.100924,0.0223284
36.9619,0.100986,0.0212876
36.987,0.101454,0.0200003
37.012,0.101592,0.0186291
37.037,0.101836,0.0172372
37.062,0.10201,0.015897
37.087,0.102187,0.014585
37.1121,0.102228,0.0133485
37.1371,0.102352,0.0119782
37.1621,0.102352,0.0108756
37.1872,0.10253,0.00990345
37.2122,0.102526,0.00910957
37.2372,0.102537,0.00855155
37.2622,0.102486,0.00827967
37.2873,0.102433,0.00820986
37.3123,0.102394,0.00824599
37.3373,0.10243,0.00861596
37.3623,0.102355,0.00907983
37.3873,0.102322,0.00966446
37.4124,0.1023,0.0105109
37.4374,0.102195,0.0113516
37.4624,0.102182,0.0123141
37.4875,0.102072,0.0133456
37.5125,0.102071,0.0142361
37.5375,0.10195,0.014923
37.5625,0.101804,0.0157783
37.5876,0.101752,0.0161673
37.6126,0.101614,0.016692
37.6376,0.101589,0.0167873
37.6626,0.101589,0.0168003
37.6876,0.101588,0.016657
37.7127,0.101603,0.016342
37.7377,0.101672,0.0158466
37.7627,0.101675,0.0152435
37.7878,0.101778,0.0143898
37.8128,0.10182,0.0134657
37.8378,0.101847,0.0125152
37.8628,0.102066,0.0114359
37.8879,0.102339,0.0103218
37.9129,0.102353,0.00939378
37.9379,0.102434,0.00867375
37.9629,0.102441,0.00802089
37.9879,0.102413,0.00759228
38.013,0.102409,0.00739312
38.038,0.102425,0.00741899
38.063,0.102385,0.00753365
38.0881,0.102381,0.00788946
38.1131,0.102379,0.00870135
38.1381,0.10231,0.00941266
38.1631,0.102265,0.0103359
38.1882,0.102104,0.0115572
38.2132,0.101922,0.0128521
38.2382,0.101843,0.0142722
38.2632,0.101718,0.0156416
38.2882,0.101471,0.017028
38.3133,0.101333,0.0185143
38.3383,0.101076,0.0198627
38.3633,0.100872,0.0209896
38.3884,0.100605,0.0221163
38.4134,0.100493,0.0230063
38.4384,0.100256,0.0236171
38.4634,0.100261,0.0238362
38.4885,0.100202,0.0240743
38.5135,0.100246,0.024024
38.5385,0.100278,0.0235752
38.5635,0.100388,0.022828
38.5885,0.100546,0.0217227
38.6136,0.100929,0.0205145
38.6386,0.101293,0.0190624
38.6636,0.10155,0.0173108
38.6887,0.101707,0.0157082
38.7137,0.101855,0.0139523
38.7387,0.10214,0.0120407
38.7637,0.102344,0.0101982
38.7888,0.10268,0.00850585
38.8138,0.102882,0.00695736
38.8388,0.102896,0.00562986
38.8638,0.102915,0.00446886
38.8888,0.102957,0.00358466
38.9139,0.102973,0.00310287
38.9389,0.102972,0.00259781
38.9639,0.102986,0.00255508
38.989,0.102964,0.00296027
39.014,0.102974,0.0036757
39.039,0.102963,0.00440417
39.064,0.102969,0.00529404
39.0891,0.102919,0.0066075
39.1141,0.102911,0.00783436
39.1391,0.102826,0.0094471
39.1641,0.102673,0.0110993
39.1891,0.10231,0.0127584
39.2142,0.102158,0.0145176
39.2392,0.101959,0.015943
39.2642,0.101787,0.0173663
39.2892,0.101591,0.0186911
39.3143,0.101492,0.0198351
39.3393,0.101156,0.0208133
39.3643,0.100865,0.0216415
39.3894,0.100827,0.0219023
39.4144,0.100842,0.0219994
39.4394,0.100833,0.0219481
39.4644,0.10084,0.0217366
39.4894,0.100871,0.0211708
39.5145,0.10091,0.0204553
39.5395,0.101328,0.0196929
39.5645,0.101482,0.0186931
39.5896,0.101674,0.0175562
39.6146,0.101696,0.0164251
39.6396,0.101937,0.0153785
39.6646,0.102166,0.0142705
39.6897,0.102194,0.013302
39.7147,0.102253,0.0124167
39.7397,0.102292,0.0115375
39.7647,0.102321,0.0108996
39.7897,0.10237,0.0103473
39.8148,0.102366,0.0101161
39.8398,0.102385,0.00985856
39.8648,0.102362,0.00976435
39.8898,0.102324,0.0100572
39.9149,0.102312,0.0103274
39.9399,0.102286,0.0109275
39.9649,0.102275,0.0115115
39.99,0.102201,0.012128
40.015,0.102196,0.0128387
40.04,0.10212,0.0135462
40.065,0.102148,0.0141896
40.09,0.102142,0.0146817
40.1151,0.102121,0.0153468
40.1401,0.102032,0.015613
40.1651,0.102105,0.0156571
40.1902,0.102101,0.0158275
40.2152,0.102095,0.015922
40.2402,0.102125,0.015725
40.2652,0.102169,0.0154847
40.2903,0.102224,0.0148841
40.3153,0.102234,0.0141393
40.3403,0.10225,0.0135414
40.3653,0.102265,0.0128272
40.3903,0.102308,0.0118444
40.4154,0.102359,0.0109285
40.4404,0.102527,0.010065
40.4654,0.102499,0.00926961
40.4905,0.102601,0.00852151
40.5155,0.102815,0.00790186
40.5405,0.102891,0.00749196
40.5655,0.102937,0.00723451
40.5906,0.10291,0.00710566
40.6156,0.102914,0.00710738
40.6406,0.102913,0.00770317
40.6656,0.10291,0.00835549
40.6906,0.102874,0.0089604
40.7157,0.102833,0.00980293
40.7407,0.102605,0.0109443
40.7657,0.102548,0.012233
40.7908,0.102279,0.0135579
40.8158,0.102194,0.0147503
40.8408,0.102076,0.0160882
40.8658,0.101886,0.0173575
40.8909,0.101622,0.01865
40.9159,0.101483,0.0198448
40.9409,0.10119,0.0208315
40.9659,0.101213,0.0218201
40.9909,0.101137,0.0223444
41.016,0.100916,0.0226343
41.041,0.100854,0.0229652
41.066,0.100851,0.0229683
41.0911,0.100882,0.0225428
41.1161,0.100912,0.0221861
41.1411,0.100987,0.0212156
41.1661,0.101055,0.0203177
41.1912,0.101505,0.0191157
41.2162,0.101626,0.0178961
41.2412,0.101921,0.0162639
41.2662,0.102124,0.0146294
41.2912,0.102263,0.0132557
41.3163,0.102355,0.0116393
41.3413,0.102555,0.00981616
41.3663,0.102692,0.00843964
41.3914,0.10289,0.00707103
41.4164,0.102956,0.00589768
41.4414,0.102978,0.00500123
41.4664,0.102983,0.00433024
41.4915,0.103003,0.00389963
41.5165,0.102984,0.0037891
41.5415,0.102985,0.00382776
41.5665,0.102977,0.00392473
41.5915,0.102966,0.00457206
41.6166,0.102976,0.00540053
41.6416,0.102928,0.006345
41.6666,0.102922,0.00733542
41.6917,0.102854,0.00848112
41.7167,0.102743,0.00971693
41.7417,0.102565,0.0111176
41.7667,0.102294,0.0125328
41.7918,0.102156,0.014041
41.8168,0.102164,0.0151917
41.8418,0.101794,0.0164311
41.8668,0.101707,0.0173928
41.8918,0.101597,0.0181711
41.9169,0.101507,0.0189686
41.9419,0.101464,0.0193917
41.9669,0.101454,0.0197053
41.992,0.101433,0.0198218
42.017,0.101462,0.0198368
42.042,0.10146,0.0196149
42.067,0.101489,0.0192692
42.0921,0.101547,0.0186535
42.1171,0.101633,0.0179638
42.1421,0.101685,0.0172114
42.1671,0.101688,0.0163591
42.1921,0.101767,0.0156203
42.2172,0.101805,0.0148277
42.2422,0.102007,0.0141245
42.2672,0.102135,0.0133847
42.2923,0.10219,0.01285
42.3173,0.102218,0.0122724
42.3423,0.102233,0.0118687
42.3673,0.102294,0.0117253
42.3924,0.102288,0.0115308
42.4174,0.102281,0.0115101
42.4424,0.102279,0.011566
42.4674,0.102277,0.0116852
42.4924,0.102221,0.012237
42.5175,0.102205,0.0127246
42.5425,0.102201,0.0130659
42.5675,0.10217,0.0134896
42.5926,0.102119,0.0140592
42.6176,0.102173,0.0142407
42.6426,0.102166,0.0147803
42.6676,0.102155,0.0149525
42.6927,0.10211,0.015342
42.7177,0.10213,0.0153848
42.7427,0.10217,0.0154083
42.7677,0.102181,0.0153461
42.7927,0.102203,0.0150698
42.8178,0.102213,0.0146211
42.8428,0.102239,0.0141536
42.8678,0.102246,0.0134851
42.8929,0.102268,0.0129019
42.9179,0.102287,0.0121738
42.9429,0.102359,0.0113161
42.9679,0.102423,0.0104739
42.993,0.102475,0.00967591
43.018,0.102481,0.00894746
43.043,0.102721,0.00835939
43.068,0.102785,0.00778293
43.093,0.102878,0.00738237
43.1181,0.102905,0.00727342
43.1431,0.102919,0.00718736
43.1681,0.102914,0.00718326
43.1932,0.102905,0.00770392
43.2182,0.102901,0.0082814
43.2432,0.102853,0.00892582
43.2682,0.10282,0.0097292
43.2933,0.102643,0.0107815
43.3183,0.10266,0.0119408
43.3433,0.102443,0.0133111
43.3683,0.102308,0.0144726
43.3933,0.102151,0.0158249
43.4184,0.102041,0.0170725
43.4434,0.101759,0.0183837
43.4684,0.10157,0.0194041
43.4935,0.101361,0.0203744
43.5185,0.101299,0.021163
43.5435,0.100995,0.0217428
43.5685,0.10092,0.0220687
43.5936,0.100885,0.0223486
43.6186,0.100859,0.0224099
43.6436,0.100859,0.022325
43.6686,0.100899,0.0218789
43.6936,0.100919,0.0211903
43.7187,0.100954,0.0204557
43.7437,0.101371,0.019525
43.7687,0.101576,0.0184712
43.7938,0.101664,0.0171421
43.8188,0.101792,0.0158914
43.8438,0.102029,0.014563
43.8688,0.102208,0.0132923
43.8939,0.102291,0.0117683
43.9189,0.102384,0.0104604
43.9439,0.102669,0.00912718
43.9689,0.102825,0.008031
43.9939,0.102911,0.00707539
44.019,0.102953,0.00633905
44.044,0.102987,0.00579533
44.069,0.102978,0.00562181
44.0941,0.102944,0.00558364
44.1191,0.102942,0.00565495
44.1441,0.102951,0.00581335
44.1691,0.102935,0.00644465
44.1942,0.102919,0.00702718
44.2192,0.102921,0.00782438
44.2442,0.102855,0.00877569
44.2692,0.102808,0.00971717
44.2942,0.102682,0.0108168
44.3193,0.102634,0.0119938
44.3443,0.102392,0.0131708
44.3693,0.102241,0.0141273
44.3944,0.102182,0.015133
44.4194,0.102123,0.0159751
44.4444,0.102076,0.0166206
44.4694,0.102047,0.0173096
44.4945,0.102017,0.0177645
44.5195,0.102062,0.0180161
44.5445,0.102007,0.0183771
44.5695,0.102047,0.0184412
44.5945,0.102075,0.0184366
44.6196,0.102079,0.0183664
44.6446,0.102124,0.0178601
44.6696,0.102144,0.0173756
44.6947,0.102141,0.017026
44.7197,0.102157,0.016559
44.7447,0.102217,0.015988
44.7697,0.102253,0.0154669
44.7948,0.102346,0.0148621
44.8198,0.102286,0.0145313
44.8448,0.102314,0.0140841
44.8698,0.102281,0.0139028
44.8948,0.1023,0.0136185
44.9199,0.102267,0.0134208
44.9449,0.102247,0.0133962
44.9699,0.102233,0.0133995
44.995,0.102228,0.013425
45.02,0.102219,0.013519
45.045,0.102215,0.0139036
45.07,0.102213,0.0141128
45.0951,0.102197,0.0146005
45.1201,0.10219,0.0147379
45.1451,0.102175,0.015156
45.1701,0.102183,0.0153226
45.1951,0.102165,0.0155671
45.2202,0.102163,0.0156013
45.2452,0.102137,0.0157068
45.2702,0.102165,0.0158362
45.2953,0.102174,0.0157768
45.3203,0.102213,0.0155628
45.3453,0.10222,0.0150972
45.3703,0.102212,0.014723
45.3954,0.102262,0.0140978
45.4204,0.102253,0.0134398
45.4454,0.102289,0.0127765
45.4704,0.102304,0.0120402
45.4954,0.102347,0.0113457
45.5205,0.102417,0.0105647
45.5455,0.102499,0.00994353
45.5705,0.102531,0.00929242
45.5956,0.102489,0.00885361
45.6206,0.102577,0.00836997
45.6456,0.102485,0.00810279
45.6706,0.102467,0.00799184
45.6957,0.102427,0.00803003
45.7207,0.102404,0.00814278
45.7457,0.102411,0.00839973
45.7707,0.102371,0.00883712
45.7957,0.102322,0.00950206
45.8208,0.102298,0.0102291
45.8458,0.102268,0.0112107
45.8708,0.102179,0.0121426
45.8959,0.101998,0.0133414
45.9209,0.101959,0.014545
45.9459,0.101967,0.0156966
45.9709,0.101803,0.0166808
45.996,0.101596,0.0178057
46.021,0.101505,0.0189246
46.046,0.101305,0.0197773
46.071,0.101236,0.0206454
46.096,0.101076,0.0211474
46.1211,0.100899,0.0216669
46.1461,0.100846,0.0218214
46.1711,0.10083,0.0218308
46.1962,0.100838,0.0217863
46.2212,0.100864,0.0216937
46.2462,0.100912,0.0211313
46.2712,0.100948,0.020461
46.2963,0.101216,0.0197416
46.3213,0.101486,0.0188029
46.3463,0.101648,0.0177963
46.3713,0.101754,0.0166463
46.3963,0.101942,0.0154788
46.4214,0.102152,0.014249
46.4464,0.102215,0.0131364
46.4714,0.102289,0.0120684
46.4965,0.102439,0.0108449
46.5215,0.102464,0.00985505
46.5465,0.102533,0.00894575
46.5715,0.10253,0.00824609
46.5966,0.102482,0.00772185
46.6216,0.102451,0.00744973
46.6466,0.102475,0.00713157
46.6716,0.102424,0.0070476
46.6966,0.102407,0.00706525
46.7217,0.102426,0.00733617
46.7467,0.102383,0.00776673
46.7717,0.102373,0.00836503
46.7968,0.102325,0.00886571
46.8218,0.10232,0.00961793
46.8468,0.102285,0.0103425
46.8718,0.102257,0.0111509
46.8969,0.102128,0.0119268
46.9219,0.102093,0.012843
46.9469,0.101992,0.0135741
46.9719,0.102058,0.0142542
46.9969,0.102058,0.0147195
47.022,0.102077,0.0154073
47.047,0.101867,0.0157737
47.072,0.101783,0.0160202
47.0971,0.101717,0.0162021
47.1221,0.101645,0.0163956
47.1471,0.101628,0.0165052
47.1721,0.101602,0.0165469
47.1972,0.101614,0.0164646
47.2222,0.101639,0.0163273
47.2472,0.101624,0.0159788
47.2722,0.101625,0.0158952
47.2972,0.101683,0.0154912
47.3223,0.101679,0.0153117
47.3473,0.101723,0.0149738
47.3723,0.10168,0.0147322
47.3974,0.101671,0.0145987
47.4224,0.101674,0.0145901
47.4474,0.101691,0.0145232
47.4724,0.101667,0.01459
47.4975,0.101653,0.0146069
47.5225,0.10164,0.0146556
47.5475,0.101651,0.0147308
47.5725,0.101655,0.0147726
47.5975,0.101661,0.0151625
47.6226,0.101641,0.0152945
47.6476,0.101652,0.0155967
47.6726,0.101635,0.0157786
47.6977,0.101606,0.0159471
47.7227,0.101602,0.015979
47.7477,0.101599,0.0160092
47.7727,0.101605,0.0160259
47.7978,0.101599,0.0159943
47.8228,0.101605,0.0159873
47.8478,0.101628,0.0158368
47.8728,0.101654,0.0154161
47.8978,0.101709,0.0148573
47.9229,0.101701,0.0145286
47.9479,0.101749,0.0139327
47.9729,0.101731,0.0133273
47.998,0.101783,0.0126793
48.023,0.101804,0.0120042
48.048,0.101907,0.0113119
48.073,0.102089,0.0104651
48.0981,0.102335,0.00988771
48.1231,0.102341,0.00911934
48.1481,0.102368,0.00866525
48.1731,0.102394,0.00833727
48.1981,0.102398,0.008081
48.2232,0.102383,0.00803849
48.2482,0.10237,0.0080718
48.2732,0.10236,0.00818523
48.2982,0.10236,0.00834041
48.3233,0.102326,0.00883603
48.3483,0.102316,0.00944012
48.3733,0.102295,0.010132
48.3984,0.10226,0.010835
48.4234,0.102202,0.0118684
48.4484,0.101987,0.0127968
48.4734,0.102061,0.0138955
48.4984,0.101867,0.0147489
48.5235,0.101738,0.0158424
48.5485,0.101598,0.0166944
48.5735,0.101476,0.0177131
48.5986,0.101461,0.0185442
48.6236,0.101408,0.0192812
48.6486,0.101294,0.0197701
48.6736,0.101208,0.0203158
48.6987,0.101163,0.0206061
48.7237,0.101008,0.0206001
48.7487,0.101,0.0206897
48.7737,0.100941,0.020559
48.7987,0.100939,0.0203743
48.8238,0.101057,0.0199632
48.8488,0.10111,0.0192493
48.8738,0.101188,0.0185528
48.8988,0.101274,0.0177938
48.9239,0.101526,0.0168355
48.9489,0.10164,0.0159716
48.9739,0.101724,0.0150031
48.999,0.101776,0.0140934
49.024,0.101783,0.0132296
49.049,0.101906,0.0123388
49.074,0.10195,0.0113794
49.099,0.102257,0.0106564
49.1241,0.102321,0.00985026
49.1491,0.102331,0.00942925
49.1741,0.102354,0.00902409
49.1992,0.102375,0.0086962
49.2242,0.102359,0.00868138
49.2492,0.102373,0.00868722
49.2742,0.102362,0.00872554
49.2993,0.102338,0.00893811
49.3243,0.10234,0.00904116
49.3493,0.102332,0.00954058
49.3743,0.102314,0.00999714
49.3993,0.102272,0.0104069
49.4244,0.102265,0.0109971
49.4494,0.102214,0.01147
49.4744,0.102203,0.0120517
49.4994,0.102149,0.0126452
49.5245,0.102176,0.0132394
49.5495,0.102097,0.0137171
49.5745,0.102128,0.0139727
49.5996,0.102126,0.01447
49.6246,0.102148,0.0146866
49.6496,0.10216,0.0148106
49.6746,0.102166,0.0148373
49.6996,0.102146,0.015031
49.7247,0.102168,0.0149395
49.7497,0.102177,0.0149428
49.7747,0.102175,0.0148589
49.7998,0.102198,0.0147859
49.8248,0.102208,0.0147452
49.8498,0.102202,0.0147316
49.8748,0.102202,0.0147138
49.8999,0.102205,0.0147058
49.9249,0.102205,0.0146975
49.9499,0.102204,0.0147083
49.9749,0.102206,0.0146978
49.9999,0.102206,0.0147281
50.025,0.102197,0.0147552
50.05,0.102196,0.0149029
50.075,0.102204,0.0148984
50.1001,0.102165,0.0150513
50.1251,0.102167,0.0154483
50.1501,0.102153,0.015667
50.1751,0.102146,0.0156478
50.2002,0.102168,0.0158996
50.2252,0.102161,0.0160128
50.2502,0.102166,0.0160808
50.2752,0.102173,0.0160754
50.3002,0.102184,0.0160507
50.3253,0.10217,0.0160444
50.3503,0.102186,0.015963
50.3753,0.102182,0.0158336
50.4004,0.102199,0.0154612
50.4254,0.102228,0.0151086
50.4504,0.102238,0.0147088
50.4754,0.102261,0.014232
50.5005,0.102289,0.0136747
50.5255,0.102309,0.0129679
50.5505,0.102332,0.0122419
50.5755,0.102356,0.011582
50.6005,0.102377,0.0109511
50.6256,0.102452,0.0103202
50.6506,0.102503,0.00970705
50.6756,0.102438,0.00910516
50.7007,0.102475,0.00865312
50.7257,0.10244,0.00842191
50.7507,0.102424,0.00820093
50.7757,0.10241,0.00812744
50.8008,0.102408,0.00808799
50.8258,0.102381,0.00817532
50.8508,0.10237,0.00837126
50.8758,0.102371,0.00851618
50.9008,0.102331,0.00909752
50.9259,0.102314,0.0096182
50.9509,0.102277,0.0102706
50.9759,0.102253,0.0110175
51.001,0.102221,0.0117831
51.026,0.102076,0.012676
51.051,0.101967,0.0136016
51.076,0.101995,0.0145453
51.1011,0.101879,0.0154404
51.1261,0.10172,0.016105
51.1511,0.101633,0.0169041
51.1761,0.101604,0.0174954
51.2011,0.101519,0.0180432
51.2262,0.101494,0.018616
51.2512,0.101401,0.018936
51.2762,0.101435,0.01926
51.3013,0.101433,0.0192856
51.3263,0.101445,0.0192747
51.3513,0.101487,0.0192368
51.3763,0.101509,0.0190905
51.4014,0.101526,0.018629
51.4264,0.10155,0.0180607
51.4514,0.101641,0.0175938
51.4764,0.101671,0.0167668
51.5014,0.101683,0.016175
51.5265,0.101718,0.0154325
51.5515,0.101811,0.0148286
51.5765,0.101811,0.0140954
51.6016,0.101819,0.0135068
51.6266,0.101827,0.0128394
51.6516,0.101804,0.0121653
51.6766,0.10193,0.0114648
51.7017,0.102195,0.0108927
51.7267,0.10232,0.0103847
51.7517,0.102319,0.00999552
51.7767,0.102351,0.00975421
51.8017,0.102337,0.00959234
51.8268,0.102341,0.00955121
51.8518,0.102325,0.00957444
51.8768,0.102316,0.00957729
51.9019,0.102308,0.00962519
51.9269,0.102321,0.00969852
51.9519,0.102304,0.0102426
51.9769,0.102317,0.0103755
52.002,0.102267,0.0108202
52.027,0.102278,0.0109568
52.052,0.102246,0.0115035
52.077,0.102265,0.0116399
52.102,0.102179,0.0121144
52.1271,0.102206,0.0122573
52.1521,0.102181,0.0127739
52.1771,0.102203,0.0128425
52.2022,0.10217,0.0131872
52.2272,0.102177,0.013355
52.2522,0.102181,0.013512
52.2772,0.1022,0.0135191
52.3023,0.102201,0.0135792
52.3273,0.102207,0.0135846
52.3523,0.102215,0.0136297
52.3773,0.102219,0.0135984
52.4023,0.102213,0.0136207
52.4274,0.102223,0.0136744
52.4524,0.102197,0.0138365
52.4774,0.102192,0.0140246
52.5025,0.102204,0.0141389
52.5275,0.10221,0.0141752
52.5525,0.102194,0.0146193
52.5775,0.102192,0.0147258
52.6026,0.102185,0.0148866
52.6276,0.102174,0.0150497
52.6526,0.102176,0.0154362
52.6776,0.102162,0.0154544
52.7026,0.102178,0.015894
52.7277,0.102169,0.0160022
52.7527,0.10216,0.0160888
52.7777,0.102139,0.0161122
52.8028,0.102109,0.0162425
52.8278,0.102134,0.0161631
52.8528,0.102149,0.0161428
52.8778,0.102156,0.016083
52.9029,0.102172,0.0160105
52.9279,0.102182,0.0159012
52.9529,0.102184,0.0154977
52.9779,0.102206,0.0152912
53.0029,0.102258,0.014737
53.028,0.102284,0.0142477
53.053,0.102314,0.0137014
53.078,0.102364,0.0130036
53.1031,0.102324,0.0126057
53.1281,0.10234,0.0120444
53.1531,0.102332,0.0113655
53.1781,0.102368,0.0108117
53.2032,0.102426,0.0102398
53.2282,0.102418,0.0096294
53.2532,0.102479,0.00912717
53.2782,0.10244,0.00893185
53.3032,0.102467,0.00848866
53.3283,0.102436,0.00835667
53.3533,0.102418,0.00831934
53.3783,0.102383,0.00832283
53.4034,0.102366,0.00836441
53.4284,0.102364,0.00849617
53.4534,0.102357,0.00899063
53.4784,0.102327,0.00940021
53.5035,0.102337,0.0098704
53.5285,0.102279,0.0105573
53.5535,0.10225,0.0111898
53.5785,0.102149,0.0120452
53.6035,0.102123,0.0128905
53.6286,0.102138,0.0135433
53.6536,0.102084,0.0142772
53.6786,0.102046,0.0149827
53.7037,0.101896,0.0155521
53.7287,0.102002,0.0163019
53.7537,0.101889,0.0167342
53.7787,0.101958,0.0173506
53.8038,0.101954,0.0177705
53.8288,0.102005,0.0180334
53.8538,0.10197,0.0182125
53.8788,0.102049,0.0182961
53.9038,0.10206,0.0184985
53.9289,0.10208,0.0184776
53.9539,0.102076,0.018208
53.9789,0.102117,0.0179578
54.004,0.102134,0.0173868
54.029,0.102127,0.0169137
54.054,0.102184,0.0165242
54.079,0.102197,0.0160083
54.1041,0.102248,0.0154305
54.1291,0.102336,0.0147425
54.1541,0.102356,0.0142189
54.1791,0.102335,0.0135181
54.2041,0.10236,0.0130998
54.2292,0.10235,0.0126837
54.2542,0.102361,0.0121175
54.2792,0.102386,0.0116757
54.3042,0.102361,0.011203
54.3293,0.102355,0.0109814
54.3543,0.102351,0.0107424
54.3793,0.102346,0.0106958
54.4044,0.102383,0.0104745
54.4294,0.102354,0.0103805
54.4544,0.102335,0.010315
54.4794,0.10231,0.0102893
54.5044,0.102331,0.0103301
54.5295,0.102325,0.0103575
54.5545,0.102293,0.0106147
54.5795,0.102295,0.0108494
54.6046,0.102294,0.0109661
54.6296,0.102305,0.0110314
54.6546,0.10226,0.0114447
54.6796,0.102265,0.0115545
54.7047,0.102276,0.011693
54.7297,0.102293,0.0117479
54.7547,0.102201,0.0120306
54.7797,0.102218,0.0121665
54.8047,0.102249,0.0123495
54.8298,0.10225,0.0123748
54.8548,0.102213,0.0126019
54.8798,0.102227,0.0127485
54.9048,0.10224,0.012868
54.9299,0.102239,0.0128931
54.9549,0.102242,0.0129771
54.9799,0.102209,0.013219
55.005,0.102213,0.0134368
55.03,0.102209,0.0135239
55.055,0.102176,0.0138672
55.08,0.102183,0.0141015
55.105,0.102197,0.0142264
55.1301,0.102182,0.0146008
55.1551,0.102175,0.0148783
55.1801,0.10215,0.0149767
55.2052,0.102143,0.0154268
55.2302,0.102137,0.0155346
55.2552,0.102128,0.0159551
55.2802,0.102135,0.0160413
55.3053,0.102091,0.016165
55.3303,0.102099,0.0163142
55.3553,0.102086,0.016405
55.3803,0.10213,0.016599
55.4053,0.102133,0.0166343
55.4304,0.102141,0.0166357
55.4554,0.102157,0.0165789
55.4804,0.102149,0.0164911
55.5054,0.102184,0.0160303
55.5305,0.1022,0.015736
55.5555,0.102237,0.0153962
55.5805,0.10222,0.0148772
55.6056,0.102283,0.0142774
55.6306,0.102275,0.0137606
55.6556,0.102313,0.0133673
55.6806,0.102296,0.0127887
55.7056,0.10237,0.0121617
55.7307,0.102366,0.011511
55.7557,0.102405,0.0109471
55.7807,0.102405,0.0103531
55.8058,0.102448,0.00978407
55.8308,0.102412,0.00956744
55.8558,0.10245,0.00906129
55.8808,0.102437,0.00898682
55.9059,0.102422,0.00875344
55.9309,0.102381,0.00880998
55.9559,0.102378,0.00881481
55.9809,0.102353,0.00890667
56.0059,0.102359,0.00912224
56.031,0.102334,0.00943396
56.056,0.102308,0.00997447
56.081,0.102295,0.010388
56.106,0.102267,0.0110423
56.1311,0.10224,0.0116049
56.1561,0.102143,0.0122173
56.1811,0.102143,0.0129933
56.2062,0.102071,0.0135757
56.2312,0.102027,0.0144311
56.2562,0.102055,0.0148527
56.2812,0.102046,0.0156686
56.3062,0.101997,0.0159909
56.3313,0.102048,0.0166133
56.3563,0.102001,0.0168774
56.3813,0.102022,0.0171989
56.4064,0.102033,0.0175295
56.4314,0.102059,0.0176639
56.4564,0.102084,0.0178772
56.4814,0.102091,0.0179051
56.5065,0.102113,0.0178969
56.5315,0.102103,0.0177855
56.5565,0.10212,0.0174216
56.5815,0.102133,0.0172455
56.6065,0.10216,0.0167479
56.6316,0.102158,0.0165119
56.6566,0.102194,0.0159976
56.6816,0.102195,0.0157568
56.7066,0.102275,0.0152245
56.7317,0.102301,0.0147748
56.7567,0.102355,0.0143434
56.7817,0.102294,0.0139401
56.8068,0.102316,0.0134818
56.8318,0.10228,0.0132656
56.8568,0.1023,0.0127709
56.8818,0.102254,0.0126586
56.9068,0.102304,0.0122426
56.9319,0.102279,0.0120987
56.9569,0.102281,0.011963
56.9819,0.102289,0.0118755
57.007,0.10231,0.0117099
57.032,0.102279,0.0115861
57.057,0.102282,0.0114997
57.082,0.102277,0.0115006
57.1071,0.102277,0.0114938
57.1321,0.102268,0.0115339
57.1571,0.102261,0.0115302
57.1821,0.102257,0.0115393
57.2071,0.102268,0.011592
57.2322,0.102259,0.0115999
57.2572,0.102268,0.0115831
57.2822,0.102266,0.0116187
57.3072,0.102274,0.011626
57.3323,0.102275,0.0116699
57.3573,0.102289,0.0117239
57.3823,0.102271,0.0118105
57.4074,0.102224,0.0118745
57.4324,0.102225,0.0121019
57.4574,0.102229,0.0122121
57.4824,0.102248,0.0122618
57.5074,0.102206,0.0126189
57.5325,0.102226,0.0128114
57.5575,0.102227,0.0130113
57.5825,0.102188,0.0131921
57.6076,0.102198,0.0135237
57.6326,0.1022,0.013691
57.6576,0.102186,0.0140696
57.6826,0.102191,0.0141981
57.7077,0.102173,0.0147321
57.7327,0.10216,0.0148463
57.7577,0.102122,0.0153085
57.7827,0.102122,0.0154892
57.8077,0.102137,0.0159508
57.8328,0.102136,0.016072
57.8578,0.102098,0.0164254
57.8828,0.102087,0.0165835
57.9078,0.102096,0.0166865
57.9329,0.102117,0.0167051
57.9579,0.102118,0.016732
57.9829,0.102132,0.0167078
58.008,0.102162,0.016676
58.033,0.102162,0.016646
58.058,0.102165,0.0163931
58.083,0.102178,0.0160504
58.108,0.1022,0.0155238
58.1331,0.10222,0.0153651
58.1581,0.102273,0.0147367
58.1831,0.102311,0.0141752
58.2082,0.102345,0.0137376
58.2332,0.102347,0.0130302
58.2582,0.102355,0.0126576
58.2832,0.102315,0.0121554
58.3083,0.102359,0.0115266
58.3333,0.102392,0.0109461
58.3583,0.102413,0.0103737
58.3833,0.102414,0.0101715
58.4083,0.102403,0.00966525
58.4334,0.102395,0.00955194
58.4584,0.102448,0.00920484
58.4834,0.102405,0.00906592
58.5084,0.102369,0.00901231
58.5335,0.102352,0.0090038
58.5585,0.102359,0.00907472
58.5835,0.102374,0.00921321
58.6086,0.102343,0.00965411
58.6336,0.102345,0.00985337
58.6586,0.102312,0.0103534
58.6836,0.102268,0.0108259
58.7086,0.102232,0.0114508
58.7337,0.102151,0.0119394
58.7587,0.102127,0.0127407
58.7837,0.102124,0.0134018
58.8088,0.102159,0.0137491
58.8338,0.10214,0.0142162
58.8588,0.102106,0.0147042
58.8838,0.102069,0.0153851
58.9089,0.102079,0.0156046
58.9339,0.102076,0.0159688
58.9589,0.102095,0.0161974
58.9839,0.102102,0.0165395
59.0089,0.102106,0.0166683
59.034,0.102108,0.0166932
59.059,0.102103,0.0167508
59.084,0.102116,0.016721
59.109,0.102137,0.0166753
59.1341,0.102129,0.0166469
59.1591,0.102146,0.0165187
59.1841,0.102144,0.0163286
59.2092,0.102187,0.0160189
59.2342,0.102195,0.0156898
59.2592,0.102192,0.0154227
59.2842,0.102204,0.0152909
59.3092,0.102252,0.0148173
59.3343,0.102276,0.0145482
59.3593,0.102275,0.0141821
59.3843,0.102261,0.0140515
59.4094,0.102268,0.0136096
59.4344,0.102259,0.013415
59.4594,0.102266,0.0130057
59.4844,0.10226,0.0128601
59.5095,0.102265,0.0126346
59.5345,0.102297,0.0124354
59.5595,0.102281,0.0121887
59.5845,0.102272,0.0121367
59.6095,0.102263,0.011978
59.6346,0.102275,0.0119658
59.6596,0.102267,0.0119713
59.6846,0.102272,0.0119698
59.7096,0.102262,0.0119775
59.7347,0.102256,0.0119972
59.7597,0.102255,0.0119486
59.7847,0.102272,0.0119926
59.8098,0.102257,0.0120455
59.8348,0.102262,0.0120505
59.8598,0.10226,0.0120927
59.8848,0.102272,0.0120933
59.9098,0.102242,0.0121029
59.9349,0.102245,0.0121197
59.9599,0.102237,0.012138
59.9849,0.102244,0.0121539
60.01,0.102241,0.0121896
60.035,0.102245,0.0122603
60.06,0.102198,0.0126107
60.085,0.102191,0.0127478
60.1101,0.10223,0.0131651
60.1351,0.102221,0.0133994
60.1601,0.102182,0.0136524
60.1851,0.102196,0.0139632
60.2101,0.102193,0.0142599
60.2352,0.102198,0.0144788
60.2602,0.102162,0.0148124
60.2852,0.102168,0.0151177
60.3103,0.102148,0.015542
60.3353,0.102132,0.0157858
60.3603,0.102092,0.0161316
60.3853,0.102084,0.0163444
60.4104,0.102095,0.0166461
60.4354,0.102108,0.0168842
60.4604,0.102093,0.016912
60.4854,0.102114,0.0168916
60.5104,0.102082,0.0169596
60.5355,0.102116,0.0170862
60.5605,0.102127,0.017069
60.5855,0.102134,0.0170924
60.6106,0.102166,0.0168139
60.6356,0.102174,0.0166003
60.6606,0.102191,0.0162148
60.6856,0.102201,0.0159453
60.7107,0.102242,0.0154231
60.7357,0.102272,0.0149748
60.7607,0.10231,0.0145507
60.7857,0.102266,0.0140499
60.8107,0.102286,0.0135388
60.8358,0.102301,0.01305
60.8608,0.102275,0.0124815
60.8858,0.10234,0.0120687
60.9109,0.10231,0.0115377
60.9359,0.102314,0.0112619
60.9609,0.102344,0.0108004
60.9859,0.102361,0.0106698
61.011,0.102373,0.0102882
61.036,0.10235,0.0101779
61.061,0.102359,0.0101026
61.086,0.10234,0.0101143
61.111,0.102329,0.0101578
61.1361,0.102318,0.010183
61.1611,0.102313,0.0102756
61.1861,0.102323,0.0104298
61.2112,0.102297,0.0108625
61.2362,0.102268,0.0112319
61.2612,0.102234,0.0115944
61.2862,0.102225,0.0119989
61.3113,0.102186,0.0126572
61.3363,0.102193,0.0132865
61.3613,0.102167,0.0135925
61.3863,0.102143,0.0139757
61.4113,0.102144,0.0145478
61.4364,0.102124,0.0147596
61.4614,0.10214,0.0152541
61.4864,0.102187,0.0154668
61.5114,0.102098,0.0159768
61.5365,0.102129,0.0160612
61.5615,0.10207,0.0163756
61.5865,0.102118,0.0165068
61.6116,0.102136,0.0166527
61.6366,0.10213,0.0166537
61.6616,0.102122,0.0167136
61.6866,0.102147,0.0166798
61.7116,0.102148,0.0166548
61.7367,0.10216,0.016616
61.7617,0.102152,0.0165517
61.7867,0.102144,0.0165016
61.8118,0.10217,0.0160893
61.8368,0.102194,0.0159431
61.8618,0.102178,0.0157411
61.8868,0.10221,0.0154647
61.9119,0.102214,0.015253
61.9369,0.102208,0.0151373
61.9619,0.102224,0.0147189
61.9869,0.102235,0.0146171
62.0119,0.102232,0.0142268
62.037,0.102235,0.0140427
62.062,0.102236,0.01391
62.087,0.102267,0.0137124
62.112,0.102242,0.0133886
62.1371,0.10225,0.0132734
62.1621,0.102248,0.0128543
62.1871,0.102256,0.0127778
62.2122,0.10224,0.0126883
62.2372,0.102234,0.0125858
62.2622,0.102291,0.012361
62.2872,0.10228,0.0121885
62.3122,0.102263,0.0121009
62.3373,0.102271,0.0120789
62.3623,0.102282,0.0119833
62.3873,0.102283,0.012025
62.4124,0.102278,0.0119799
62.4374,0.10228,0.0120281
62.4624,0.102292,0.0120295
62.4874,0.102285,0.0120736
62.5125,0.10227,0.012099
62.5375,0.102262,0.0121099
62.5625,0.102254,0.0121716
62.5875,0.102252,0.012186
62.6125,0.10225,0.0123534
62.6376,0.102225,0.0124848
62.6626,0.102204,0.0128573
62.6876,0.102217,0.0130784
62.7126,0.102214,0.0133957
62.7377,0.102216,0.0135553
62.7627,0.102182,0.0139837
62.7877,0.102187,0.0140951
62.8128,0.102171,0.0146303
62.8378,0.10217,0.0147836
62.8628,0.102175,0.0151993
62.8878,0.102157,0.0153878
62.9128,0.102085,0.015894
62.9379,0.102104,0.0159863
62.9629,0.102129,0.0163528
62.9879,0.10215,0.0165489
63.013,0.102115,0.0166805
63.038,0.102122,0.0168865
63.063,0.102112,0.0168667
63.088,0.102139,0.0167795
63.1131,0.102156,0.0167302
63.1381,0.102163,0.0166936
63.1631,0.102172,0.016632
63.1881,0.102165,0.0165575
63.2131,0.102162,0.0162541
63.2382,0.102188,0.0159025
63.2632,0.102218,0.0154999
63.2882,0.10221,0.0153293
63.3132,0.102246,0.0148074
63.3383,0.102252,0.0145859
63.3633,0.102289,0.0140519
63.3883,0.10226,0.013611
63.4134,0.102273,0.0132321
63.4384,0.102256,0.0127485
63.4634,0.102302,0.0122739
63.4884,0.102301,0.0120577
63.5134,0.102308,0.0115213
63.5385,0.102311,0.0113015
63.5635,0.102372,0.0109403
63.5885,0.102361,0.0108283
63.6136,0.102373,0.0106138
63.6386,0.102358,0.0106893
63.6636,0.102354,0.0106522
63.6886,0.102331,0.010725
63.7137,0.102312,0.0107873
63.7387,0.102306,0.0108296
63.7637,0.102297,0.0109521
63.7887,0.102297,0.0110641
63.8137,0.102259,0.0114152
63.8388,0.102265,0.0116487
63.8638,0.102241,0.0121343
63.8888,0.102231,0.0123095
63.9138,0.102196,0.01279
63.9389,0.102193,0.0132589
63.9639,0.102172,0.0136739
63.9889,0.10217,0.0139425
64.0139,0.102157,0.0144491
64.039,0.102167,0.0146776
64.064,0.102158,0.0149918
64.089,0.102146,0.0151409
64.1141,0.102136,0.0155213
64.1391,0.102106,0.0157049
64.1641,0.102125,0.0159599
64.1891,0.102157,0.016013
64.2142,0.102135,0.0160669
64.2392,0.102154,0.0160897
64.2642,0.102154,0.0161158
64.2892,0.102166,0.0160837
64.3143,0.102171,0.0160471
64.3393,0.102179,0.0160262
64.3643,0.102183,0.0159895
64.3893,0.102189,0.0159731
64.4143,0.102184,0.0159363
64.4394,0.102178,0.0158812
64.4644,0.102214,0.0156538
64.4894,0.102227,0.0153772
64.5144,0.102228,0.0150902
64.5395,0.102216,0.0148974
64.5645,0.102232,0.0146452
64.5895,0.102214,0.0146506
64.6145,0.102224,0.0143341
64.6396,0.102227,0.0140648
64.6646,0.102244,0.0138922
64.6896,0.10222,0.01372
64.7147,0.102242,0.0133996
64.7397,0.102241,0.0133108
64.7647,0.102254,0.0128758
64.7897,0.102252,0.012757
64.8148,0.102246,0.0126484
64.8398,0.10223,0.0125754
64.8648,0.102267,0.0122005
64.8898,0.102258,0.0120903
64.9149,0.102283,0.0119945
64.9399,0.102274,0.0120216
64.9649,0.102311,0.0118498
64.9899,0.102306,0.0118998
65.0149,0.102312,0.0118615
65.04,0.1023,0.0119411
65.065,0.102296,0.0119983
65.09,0.102282,0.0120727
65.115,0.102273,0.0121039
65.1401,0.102266,0.0121276
65.1651,0.102258,0.012194
65.1901,0.102246,0.0122624
65.2151,0.102247,0.0125807
65.2402,0.10223,0.0127729
65.2652,0.10223,0.0132174
65.2902,0.102213,0.0134012
65.3153,0.102203,0.0138704
65.3403,0.1022,0.0140488
65.3653,0.102184,0.0145065
65.3903,0.102172,0.0147026
65.4154,0.102148,0.0151915
65.4404,0.102172,0.0153211
65.4654,0.102117,0.0157873
65.4904,0.102119,0.0159674
65.5155,0.102106,0.0162597
65.5405,0.102114,0.0163759
65.5655,0.102108,0.0165832
65.5905,0.102102,0.0166459
65.6155,0.102105,0.0167892
65.6406,0.102122,0.0167682
65.6656,0.102148,0.016745
65.6906,0.102145,0.0167146
65.7156,0.102157,0.0166526
65.7407,0.102165,0.0166301
65.7657,0.102147,0.0164967
65.7907,0.102125,0.0164302
65.8157,0.102177,0.0159905
65.8408,0.102191,0.0158527
65.8658,0.102209,0.015355
65.8908,0.102228,0.0152018
65.9159,0.102254,0.0147055
65.9409,0.102242,0.0143827
65.9659,0.102242,0.0139781
65.9909,0.102244,0.0136835
66.016,0.102293,0.0131219
66.041,0.102286,0.0128407
66.066,0.102351,0.0124225
66.091,0.102306,0.012138
66.1161,0.102333,0.0117371
66.1411,0.102289,0.0115033
66.1661,0.102301,0.0113014
66.1911,0.102288,0.0113116
66.2161,0.102312,0.0112298
66.2412,0.102316,0.0113127
66.2662,0.102317,0.0113314
66.2912,0.102304,0.0113973
66.3162,0.102281,0.0114525
66.3413,0.102273,0.0114793
66.3663,0.102264,0.0115324
66.3913,0.102276,0.0117294
66.4163,0.102272,0.0119916
66.4414,0.102274,0.0122211
66.4664,0.102218,0.0126833
66.4914,0.102207,0.0128049
66.5165,0.102238,0.013311
66.5415,0.102192,0.0134808
66.5665,0.102174,0.0139284
66.5915,0.102178,0.0140695
66.6166,0.102179,0.0145442
66.6416,0.102163,0.0146994
66.6666,0.102163,0.0148303
66.6916,0.102173,0.0151184
66.7167,0.102161,0.0153955
66.7417,0.102169,0.0154249
66.7667,0.102155,0.0156607
66.7917,0.102128,0.0156938
66.8167,0.102124,0.0159137
66.8418,0.102149,0.0159609
66.8668,0.102145,0.015991
66.8918,0.102167,0.0159921
66.9168,0.102178,0.0159995
66.9419,0.102188,0.0159954
66.9669,0.102177,0.0159773
66.9919,0.102193,0.0159631
67.0169,0.102184,0.0159376
67.042,0.102172,0.0158966
67.067,0.1022,0.0155779
67.092,0.102216,0.0153803
67.1171,0.102212,0.0152469
67.1421,0.102217,0.0151319
67.1671,0.102231,0.0147705
67.1921,0.102233,0.014716
67.2172,0.102229,0.0144908
67.2422,0.10223,0.0142543
67.2672,0.102224,0.0139811
67.2922,0.102224,0.0139013
67.3173,0.102243,0.0135417
67.3423,0.102244,0.0133575
67.3673,0.10227,0.0130174
67.3923,0.102252,0.0127898
67.4173,0.102256,0.0126788
67.4424,0.102251,0.0126407
67.4674,0.102291,0.0122536
67.4924,0.102286,0.0121278
67.5174,0.102295,0.0120429
67.5425,0.102285,0.01202
67.5675,0.102297,0.0117685
67.5925,0.102297,0.01161
67.6175,0.102283,0.0115385
67.6426,0.102281,0.0115207
67.6676,0.102269,0.011539
67.6926,0.102261,0.0115238
67.7177,0.10228,0.0115984
67.7427,0.102284,0.0116193
67.7677,0.102235,0.0119703
67.7927,0.10224,0.0121178
67.8178,0.102239,0.012417
67.8428,0.102207,0.0126933
67.8678,0.102209,0.0131405
67.8928,0.10219,0.0133526
67.9179,0.102197,0.0136077
67.9429,0.102183,0.013919
67.9679,0.102171,0.0142841
67.9929,0.102178,0.0144674
68.0179,0.102179,0.014784
68.043,0.102165,0.0150172
68.068,0.102139,0.0153382
68.093,0.102153,0.0154051
68.118,0.102128,0.0158468
68.1431,0.102148,0.0159277
68.1681,0.102152,0.0160288
68.1931,0.102154,0.0160833
68.2181,0.102161,0.0161177
68.2432,0.102161,0.0161074
68.2682,0.102172,0.0161028
68.2932,0.102167,0.016072
68.3183,0.102184,0.0160192
68.3433,0.102182,0.0159712
68.3683,0.10218,0.0158824
68.3933,0.102172,0.0157377
68.4184,0.102205,0.0153819
68.4434,0.102221,0.015194
68.4684,0.102251,0.0147681
68.4934,0.102221,0.0146522
68.5185,0.102248,0.0142102
68.5435,0.102224,0.0139361
68.5685,0.102277,0.0136044
68.5935,0.102262,0.0133457
68.6185,0.102256,0.012884
68.6436,0.102286,0.012689
68.6686,0.102298,0.012293
68.6936,0.102268,0.0121197
68.7186,0.102264,0.0119253
68.7437,0.1023,0.011691
68.7687,0.102291,0.0115211
68.7937,0.102289,0.0114552
68.8187,0.102278,0.0114114
68.8438,0.102272,0.0114283
68.8688,0.102262,0.0114244
68.8938,0.102264,0.0114563
68.9189,0.102263,0.0115149
68.9439,0.102262,0.0115173
68.9689,0.102281,0.0116409
68.9939,0.102273,0.011773
69.019,0.102234,0.0120516
69.044,0.10224,0.0122189
69.069,0.102187,0.0126754
69.094,0.102216,0.01279
69.1191,0.10221,0.0132038
69.1441,0.102208,0.0133932
69.1691,0.10217,0.0137662
69.1941,0.102184,0.0139934
69.2191,0.102185,0.0142404
69.2442,0.102202,0.0144439
69.2692,0.102177,0.0146933
69.2942,0.102187,0.0147592
69.3192,0.10219,0.0151126
69.3443,0.102173,0.0152355
69.3693,0.10217,0.0153985
69.3943,0.102172,0.0154171
69.4193,0.102174,0.0155459
69.4444,0.102181,0.0155755
69.4694,0.102172,0.0155861
69.4944,0.102179,0.0154932
69.5195,0.102189,0.0154681
69.5445,0.102192,0.015449
69.5695,0.102207,0.0154478
69.5945,0.10221,0.0154121
69.6196,0.102202,0.0153491
69.6446,0.10221,0.0153418
69.6696,0.102204,0.0152837
69.6946,0.102228,0.0152159
69.7197,0.102237,0.0149444
69.7447,0.102232,0.0146998
69.7697,0.102228,0.0145586
69.7947,0.102226,0.0145126
69.8197,0.102215,0.0141868
69.8448,0.102218,0.0139913
69.8698,0.102218,0.0138124
69.8948,0.10224,0.0136019
69.9198,0.102238,0.0133637
69.9449,0.102237,0.0132522
69.9699,0.102253,0.0128693
69.9949,0.102256,0.0127285
70.0199,0.102231,0.0125172
70.045,0.102284,0.0123934
70.07,0.102277,0.0121379
70.095,0.10227,0.0120949
70.1201,0.102263,0.0120158
70.1451,0.102274,0.012016
70.1701,0.102293,0.011972
70.1951,0.102286,0.0119972
70.2202,0.102278,0.0120317
70.2452,0.102278,0.0120715
70.2702,0.102267,0.0120935
70.2952,0.102252,0.012121
70.3203,0.102243,0.0121609
70.3453,0.102263,0.0121841
70.3703,0.102219,0.0124296
70.3953,0.102217,0.0126331
70.4203,0.102216,0.0129181
70.4454,0.102223,0.0132285
70.4704,0.102193,0.013519
70.4954,0.102214,0.0136753
70.5204,0.102194,0.0139637
70.5455,0.102195,0.0141535
70.5705,0.102178,0.014585
70.5955,0.102183,0.0147122
70.6205,0.102162,0.0150569
70.6456,0.102167,0.0152432
70.6706,0.102163,0.01544
70.6956,0.102175,0.0156129
70.7207,0.10213,0.0158105
70.7457,0.10212,0.0159309
70.7707,0.10215,0.0159838
70.7957,0.102167,0.0160093
70.8208,0.102165,0.0160366
70.8458,0.102167,0.0160299
70.8708,0.102168,0.0160141
70.8958,0.10217,0.0159769
70.9209,0.102184,0.0159393
70.9459,0.102181,0.0159098
70.9709,0.102169,0.0157423
70.9959,0.10222,0.015451
71.0209,0.102197,0.0151602
71.046,0.102208,0.0150535
71.071,0.10225,0.0147383
71.096,0.102234,0.0146298
71.121,0.102243,0.0141256
71.1461,0.102237,0.0139999
71.1711,0.102237,0.0136244
71.1961,0.102235,0.0133873
71.2211,0.102244,0.0130703
71.2462,0.102249,0.0127683
71.2712,0.102254,0.012603
71.2962,0.102249,0.0124799
71.3213,0.102305,0.0122493
71.3463,0.10228,0.0121288
71.3713,0.102264,0.0120425
71.3963,0.102274,0.0120272
71.4214,0.102296,0.0119986
71.4464,0.10228,0.0120427
71.4714,0.10228,0.0120596
71.4964,0.102262,0.0120948
71.5215,0.102254,0.0121196
71.5465,0.102245,0.0121398
71.5715,0.102256,0.0121974
71.5965,0.102257,0.0122131
71.6215,0.102213,0.0125513
71.6466,0.102218,0.0127218
71.6716,0.102223,0.0128698
71.6966,0.102225,0.0132204
71.7216,0.102202,0.0134516
71.7467,0.102201,0.013527
71.7717,0.102194,0.0139182
71.7967,0.102192,0.0140408
71.8217,0.102177,0.0141858
71.8468,0.102196,0.0145406
71.8718,0.102198,0.0147001
71.8968,0.102187,0.0147255
71.9219,0.102193,0.0149339
71.9469,0.102162,0.0150546
71.9719,0.10218,0.0153363
71.9969,0.102184,0.0153559
72.022,0.102186,0.015416
72.047,0.10219,0.0154732
72.072,0.102182,0.0155069
72.097,0.102178,0.0154511
72.1221,0.102186,0.0154407
72.1471,0.102186,0.0154314
72.1721,0.102191,0.0154012
72.1971,0.102189,0.0153882
72.2221,0.102204,0.0153452
72.2472,0.102214,0.0153085
72.2722,0.102238,0.0152078
72.2972,0.102228,0.0151557
72.3222,0.10222,0.0148364
72.3473,0.102215,0.0147592
72.3723,0.102219,0.0145755
72.3973,0.102212,0.0144832
72.4223,0.102226,0.0140986
72.4474,0.102218,0.0140487
72.4724,0.102224,0.0138589
72.4974,0.102227,0.0136193
72.5225,0.102235,0.0133521
72.5475,0.102228,0.0132558
72.5725,0.102263,0.0128294
72.5975,0.102236,0.0127695
72.6226,0.102251,0.0126373
72.6476,0.102243,0.0125737
72.6726,0.102299,0.0122809
72.6976,0.102272,0.0121712
72.7227,0.102273,0.0121035
72.7477,0.10226,0.0121029
72.7727,0.102267,0.0120668
72.7977,0.102246,0.0120771
72.8227,0.102263,0.0121016
72.8478,0.102249,0.0121177
72.8728,0.102257,0.012137
72.8978,0.102257,0.0121641
72.9228,0.102244,0.0122288
72.9479,0.102246,0.0123576
72.9729,0.102207,0.0126481
72.9979,0.102209,0.0127692
73.0229,0.102225,0.0132595
73.048,0.102201,0.0133968
73.073,0.102178,0.0136074
73.098,0.102187,0.013886
73.1231,0.102194,0.0141188
73.1481,0.102188,0.0144216
73.1731,0.10218,0.0146906
73.1981,0.102171,0.0147411
73.2232,0.102176,0.01505
73.2482,0.102168,0.0152539
73.2732,0.10217,0.0153412
73.2982,0.102169,0.0154345
73.3233,0.102139,0.0156436
73.3483,0.102156,0.0155517
73.3733,0.10217,0.0155682
73.3983,0.102173,0.0155554
73.4233,0.102187,0.0154819
73.4484,0.102192,0.0154643
73.4734,0.102204,0.0154098
73.4984,0.102204,0.0153853
73.5234,0.102206,0.0153379
73.5485,0.102203,0.0153116
73.5735,0.102216,0.0151501
73.5985,0.102236,0.0151247
73.6235,0.10223,0.014703
73.6486,0.102217,0.0146434
73.6736,0.102243,0.0142885
73.6986,0.102231,0.0141018
73.7237,0.102234,0.0139237
73.7487,0.102221,0.0137781
73.7737,0.102239,0.0134473
73.7987,0.102242,0.013337
73.8238,0.102237,0.0129901
73.8488,0.102231,0.0127942
73.8738,0.102256,0.0126718
73.8988,0.10224,0.0126518
73.9239,0.102286,0.0124459
73.9489,0.102251,0.0122027
73.9739,0.102272,0.0121101
73.9989,0.102257,0.0120988
74.0239,0.102249,0.012071
74.049,0.102247,0.0120933
74.074,0.102257,0.0121163
74.099,0.102245,0.0121294
74.124,0.102244,0.0121437
74.1491,0.102244,0.0121567
74.1741,0.10224,0.0122128
74.1991,0.102241,0.0122323
74.2241,0.102236,0.012407
74.2492,0.102209,0.0125524
74.2742,0.102213,0.0129148
74.2992,0.102225,0.0129806
74.3243,0.102214,0.0133184
74.3493,0.102205,0.013451
74.3743,0.102207,0.0136602
74.3993,0.102188,0.0138802
74.4244,0.102201,0.0140713
74.4494,0.102208,0.0141465
74.4744,0.102186,0.0143149
74.4994,0.10219,0.0143974
74.5245,0.102186,0.0146843
74.5495,0.102201,0.0147836
74.5745,0.102169,0.0148846
74.5995,0.102195,0.0148763
74.6245,0.102194,0.0149813
74.6496,0.102196,0.0149392
74.6746,0.102191,0.0149168
74.6996,0.102194,0.0148898
74.7246,0.102211,0.0148672
74.7497,0.102203,0.014832
74.7747,0.1022,0.0147808
74.7997,0.102201,0.0147619
74.8247,0.102208,0.0147427
74.8498,0.102209,0.0147277
74.8748,0.10221,0.0146581
74.8998,0.102216,0.0145744
74.9249,0.102217,0.0145134
74.9499,0.10223,0.0143823
74.9749,0.102234,0.0140711
74.9999,0.102215,0.0139972
75.025,0.10224,0.0135827
75.05,0.102234,0.0135112
75.075,0.102227,0.0133383
75.1,0.102219,0.0132311
75.1251,0.102269,0.0129662
75.1501,0.10224,0.0128427
75.1751,0.102238,0.0125031
75.2001,0.102234,0.0125209
75.2251,0.102269,0.0123756
75.2502,0.102259,0.0121859
75.2752,0.102268,0.0120993
75.3002,0.102263,0.0120831
75.3252,0.102259,0.0120848
75.3503,0.102257,0.0120822
75.3753,0.102256,0.0120903
75.4003,0.102257,0.0121094
75.4253,0.102253,0.0121189
75.4504,0.102241,0.0121423
75.4754,0.102245,0.0121837
75.5004,0.102248,0.0122246
75.5255,0.102243,0.012346
75.5505,0.102255,0.0124297
75.5755,0.10221,0.0128215
75.6005,0.102222,0.0129499
75.6256,0.102204,0.0132138
75.6506,0.102208,0.0133958
75.6756,0.102203,0.013679
75.7006,0.102191,0.0136702
75.7257,0.10219,0.0140012
75.7507,0.102183,0.0141302
75.7757,0.102176,0.0143529
75.8007,0.102194,0.0144136
75.8257,0.102185,0.0146803
75.8508,0.1022,0.0147694
75.8758,0.102178,0.0148435
75.9008,0.102188,0.0148395
75.9258,0.102159,0.0149744
75.9509,0.102171,0.0149209
75.9759,0.102178,0.0149223
76.0009,0.10219,0.0148488
76.0259,0.102203,0.0148345
76.051,0.102198,0.0148037
76.076,0.102202,0.0147627
76.101,0.102203,0.0147464
76.1261,0.102211,0.0147255
76.1511,0.102205,0.0146684
76.1761,0.102208,0.0145083
76.2011,0.102233,0.0143748
76.2262,0.102232,0.0141224
76.2512,0.102245,0.0140206
76.2762,0.102237,0.013635
76.3012,0.102231,0.0135229
76.3263,0.102215,0.0133927
76.3513,0.102222,0.0133479
76.3763,0.102223,0.0131453
76.4013,0.102254,0.012967
76.4263,0.10223,0.0127573
76.4514,0.102233,0.0126977
76.4764,0.102273,0.0124088
76.5014,0.102257,0.0122227
76.5264,0.102243,0.0121398
76.5515,0.102243,0.0121406
76.5765,0.102244,0.0120591
76.6015,0.102258,0.0121012
76.6265,0.102253,0.0121068
76.6516,0.102248,0.0121132
76.6766,0.102237,0.0121236
76.7016,0.102239,0.012132
76.7267,0.102234,0.0121606
76.7517,0.10224,0.0121818
76.7767,0.10225,0.0122483
76.8017,0.102254,0.0122624
76.8268,0.102254,0.0123934
76.8518,0.10224,0.0126519
76.8768,0.102226,0.0129412
76.9018,0.102233,0.0129576
76.9269,0.102203,0.0132473
76.9519,0.102221,0.0134203
76.9769,0.102209,0.0135544
77.0019,0.102208,0.0135871
77.0269,0.102184,0.013755
77.052,0.102193,0.0140512
77.077,0.102205,0.0142032
77.102,0.102209,0.0142049
77.127,0.102193,0.0142846
77.1521,0.102221,0.0143472
77.1771,0.10219,0.0145278
77.2021,0.102169,0.0147089
77.2271,0.10218,0.014784
77.2522,0.102189,0.0147786
77.2772,0.102187,0.0147924
77.3022,0.102199,0.0147673
77.3273,0.102204,0.014766
77.3523,0.102205,0.0147485
77.3773,0.102202,0.0147543
77.4023,0.102212,0.0147382
77.4274,0.102207,0.0147017
77.4524,0.102214,0.0146923
77.4774,0.102219,0.0145864
77.5024,0.102218,0.0145822
77.5275,0.102237,0.0144034
77.5525,0.102221,0.014352
77.5775,0.102224,0.0140028
77.6025,0.102218,0.013933
77.6275,0.102241,0.0137241
77.6526,0.102234,0.0134793
77.6776,0.102218,0.0133557
77.7026,0.102227,0.0133134
77.7276,0.102254,0.0130787
77.7527,0.102241,0.0128156
77.7777,0.102242,0.0126327
77.8027,0.102229,0.0126212
77.8277,0.10223,0.0125405
77.8528,0.102227,0.0125508
77.8778,0.102234,0.0125309
77.9028,0.102222,0.0125629
77.9279,0.102243,0.0125849
77.9529,0.102241,0.0126378
77.9779,0.10224,0.0126911
78.0029,0.102238,0.0127145
78.028,0.102231,0.0127413
78.053,0.102232,0.0127578
78.078,0.102237,0.0128206
78.103,0.102243,0.0128248
78.1281,0.102224,0.0130502
78.1531,0.102228,0.013097
78.1781,0.102221,0.0133502
78.2031,0.102209,0.0134248
78.2281,0.102209,0.0136997
78.2532,0.102218,0.0137948
78.2782,0.102207,0.0140458
78.3032,0.1022,0.0141062
78.3282,0.102211,0.0143488
78.3533,0.102205,0.014315
78.3783,0.102195,0.0145437
78.4033,0.102209,0.0146662
78.4283,0.102182,0.0147886
78.4534,0.102195,0.0148269
78.4784,0.102186,0.0148781
78.5034,0.102192,0.0148947
78.5284,0.102199,0.0148815
78.5535,0.102185,0.0148537
78.5785,0.102204,0.014853
78.6035,0.10221,0.0148451
78.6286,0.102211,0.0147921
78.6536,0.102203,0.0147748
78.6786,0.102217,0.0147341
78.7036,0.102211,0.0147242
78.7287,0.102218,0.0146554
78.7537,0.102215,0.0146361
78.7787,0.102233,0.0145688
78.8037,0.102214,0.0144853
78.8287,0.102205,0.0142688
78.8538,0.102212,0.0140983
78.8788,0.102217,0.0139324
78.9038,0.102211,0.013811
78.9288,0.102209,0.0136274
78.9539,0.102209,0.013489
78.9789,0.102228,0.0133179
79.0039,0.102228,0.0133284
79.0289,0.102237,0.0131185
79.054,0.102216,0.0129833
79.079,0.102259,0.0127289
79.104,0.102245,0.0127595
79.1291,0.102236,0.0126945
79.1541,0.102237,0.0126913
79.1791,0.102232,0.0126559
79.2041,0.102231,0.0126888
79.2292,0.10224,0.0126977
79.2542,0.10223,0.0127127
79.2792,0.102231,0.0127454
79.3042,0.102225,0.0127573
79.3293,0.102236,0.0127692
79.3543,0.102234,0.0127916
79.3793,0.10224,0.0128376
79.4043,0.102237,0.0129023
79.4293,0.102249,0.0132055
79.4544,0.102236,0.0133394
79.4794,0.10223,0.013439
79.5044,0.10222,0.0135785
79.5294,0.102196,0.0137719
79.5545,0.102196,0.0139865
79.5795,0.1022,0.0140852
79.6045,0.102186,0.0141335
79.6295,0.102203,0.0143783
79.6546,0.102186,0.0144375
79.6796,0.102177,0.0146426
79.7046,0.102167,0.0146889
79.7296,0.102208,0.0147469
79.7547,0.102203,0.0147816
79.7797,0.102206,0.0148869
79.8047,0.10219,0.0148886
79.8298,0.102208,0.0148909
79.8548,0.1022,0.0148775
79.8798,0.102211,0.0148018
79.9048,0.102199,0.0147987
79.9299,0.102206,0.0147687
79.9549,0.102214,0.0147518
79.9799,0.102216,0.0147179
80.0049,0.102213,0.0147134
80.0299,0.102226,0.0146696
80.055,0.102222,0.0146485
80.08,0.102225,0.0144649
80.105,0.102227,0.0145774
80.13,0.102232,0.0142133
80.1551,0.10223,0.0140963
80.1801,0.102221,0.0139582
80.2051,0.102224,0.0139106
80.2301,0.102229,0.0137273
80.2552,0.102232,0.0134524
80.2802,0.102225,0.0133336
80.3052,0.102221,0.0133111
80.3303,0.102253,0.0131757
80.3553,0.102255,0.0131392
80.3803,0.102248,0.0128713
80.4053,0.102233,0.0128072
80.4304,0.102222,0.0127459
80.4554,0.102224,0.0127461
80.4804,0.102235,0.0127046
80.5054,0.102233,0.0127147
80.5305,0.102235,0.0127098
80.5555,0.102231,0.0127301
80.5805,0.102232,0.0127504
80.6055,0.102233,0.0127684
80.6305,0.102235,0.0127814
80.6556,0.102243,0.0128144
80.6806,0.102239,0.0128874
80.7056,0.102242,0.0129508
80.7306,0.102251,0.0131046
80.7557,0.102235,0.0131135
80.7807,0.102197,0.0133586
80.8057,0.102211,0.013473
80.8307,0.102188,0.0137128
80.8558,0.102196,0.0136455
80.8808,0.102194,0.0139415
80.9058,0.102199,0.0140446
80.9309,0.102205,0.0141897
80.9559,0.1022,0.0141727
80.9809,0.102202,0.0142376
81.0059,0.102183,0.0142709
81.031,0.102207,0.0143163
81.056,0.102219,0.0143345
81.081,0.102227,0.0145025
81.106,0.102224,0.0146507
81.1311,0.102201,0.0147099
81.1561,0.102202,0.0147149
81.1811,0.102202,0.0147259
81.2061,0.10221,0.0147295
81.2311,0.102205,0.0147185
81.2562,0.102206,0.0147082
81.2812,0.10221,0.0146611
81.3062,0.102203,0.0146525
81.3312,0.102218,0.0145468
81.3563,0.10221,0.0145655
81.3813,0.102222,0.0145066
81.4063,0.102208,0.0144848
81.4313,0.102212,0.0141082
81.4564,0.102212,0.0140321
81.4814,0.102213,0.0139709
81.5064,0.102217,0.0139379
81.5315,0.102221,0.0137301
81.5565,0.10223,0.0135353
81.5815,0.10224,0.0133643
81.6065,0.102228,0.0133228
81.6316,0.102236,0.0132887
81.6566,0.10225,0.0132219
81.6816,0.102248,0.0129422
81.7066,0.102243,0.0128433
81.7317,0.102233,0.0127867
81.7567,0.10223,0.0127718
81.7817,0.102234,0.0127548
81.8067,0.102233,0.0127553
81.8317,0.102238,0.0127664
81.8568,0.102238,0.0127689
81.8818,0.102235,0.0127904
81.9068,0.102234,0.0127999
81.9318,0.102236,0.0128163
81.9569,0.102242,0.0128452
81.9819,0.102234,0.0129584
82.0069,0.102236,0.0130197
82.0319,0.102202,0.013178
82.057,0.102217,0.0133578
82.082,0.102203,0.0135529
82.107,0.1022,0.0135451
82.1321,0.102192,0.0138273
82.1571,0.102194,0.0139524
82.1821,0.102213,0.0140905
82.2071,0.1022,0.0141082
82.2322,0.102204,0.0141993
82.2572,0.1022,0.0142358
82.2822,0.102194,0.014339
82.3072,0.102185,0.0143963
82.3323,0.102195,0.0146295
82.3573,0.102206,0.0146955
82.3823,0.102206,0.0147206
82.4073,0.10221,0.0147406
82.4323,0.102198,0.0147814
82.4574,0.102204,0.0147543
82.4824,0.102208,0.0147458
82.5074,0.102205,0.0147371
82.5324,0.102211,0.0147298
82.5575,0.10221,0.0147074
82.5825,0.102199,0.0146217
82.6075,0.1022,0.0146443
82.6325,0.102198,0.0146334
82.6576,0.102203,0.0146227
82.6826,0.102205,0.014529
82.7076,0.102215,0.0143031
82.7327,0.102213,0.0140699
82.7577,0.102204,0.014028
82.7827,0.102211,0.013949
82.8077,0.102219,0.0139066
82.8328,0.102239,0.0137017
82.8578,0.102232,0.0134446
82.8828,0.102234,0.0133681
82.9078,0.102226,0.0133197
82.9329,0.102234,0.0132656
82.9579,0.102242,0.013229
82.9829,0.102234,0.0129821
83.0079,0.102241,0.0128381
83.0329,0.102235,0.0128024
83.058,0.102233,0.0127819
83.083,0.10223,0.0127608
83.108,0.102234,0.0127736
83.133,0.102237,0.0127764
83.1581,0.102232,0.0127762
83.1831,0.10223,0.0128067
83.2081,0.102224,0.0128281
83.2331,0.102237,0.012875
83.2582,0.102237,0.0129116
83.2832,0.102232,0.0129764
83.3082,0.10224,0.0129547
83.3333,0.102203,0.0132243
83.3583,0.102208,0.013372
83.3833,0.102212,0.0135414
83.4083,0.102212,0.0136158
83.4334,0.102204,0.0137207
83.4584,0.102222,0.0136276
83.4834,0.102205,0.0138599
83.5084,0.102196,0.0140235
83.5335,0.102202,0.0141443
83.5585,0.102218,0.0141445
83.5835,0.102216,0.0142605
83.6085,0.102216,0.0142245
83.6335,0.1022,0.0142468
83.6586,0.10221,0.0141997
83.6836,0.102217,0.0142404
83.7086,0.102215,0.0141923
83.7336,0.102218,0.0141861
83.7587,0.102217,0.0141636
83.7837,0.102219,0.0141364
83.8087,0.102219,0.0141259
83.8337,0.102222,0.0141176
83.8588,0.102224,0.0141002
83.8838,0.102224,0.0140914
83.9088,0.102224,0.0140758
83.9339,0.102219,0.0140431
83.9589,0.102219,0.0140139
83.9839,0.102217,0.0137909
84.0089,0.102208,0.013886
84.034,0.102209,0.0138555
84.059,0.102216,0.0138223
84.084,0.102245,0.0135836
84.109,0.102246,0.0134193
84.1341,0.102224,0.0133683
84.1591,0.102225,0.0133171
84.1841,0.102224,0.0132392
84.2091,0.102225,0.0132499
84.2341,0.102231,0.0131779
84.2592,0.102244,0.0131769
84.2842,0.102245,0.013124
84.3092,0.102236,0.0131019
84.3342,0.102234,0.0128701
84.3593,0.102231,0.012818
84.3843,0.102235,0.0128183
84.4093,0.102238,0.0127966
84.4343,0.102231,0.01281
84.4594,0.102231,0.0128139
84.4844,0.10223,0.01284
84.5094,0.102225,0.0128499
84.5344,0.102222,0.0129542
84.5595,0.102229,0.0129512
84.5845,0.102232,0.0131105
84.6095,0.102242,0.0129926
84.6346,0.102239,0.0130765
84.6596,0.102218,0.0131722
84.6846,0.1022,0.0134754
84.7096,0.102214,0.0134969
84.7347,0.10221,0.0135983
84.7597,0.102206,0.0136012
84.7847,0.102198,0.0137386
84.8097,0.102211,0.0137414
84.8347,0.102202,0.0139618
84.8598,0.102208,0.0140501
84.8848,0.102193,0.0141255
84.9098,0.102207,0.0141255
84.9348,0.102216,0.0141684
84.9599,0.102221,0.0141472
84.9849,0.102218,0.0141694
85.0099,0.102214,0.0141547
85.0349,0.102215,0.0141711
85.06,0.102215,0.0141255
85.085,0.102221,0.0141228
85.11,0.102224,0.0141122
85.1351,0.10221,0.0140991
85.1601,0.102211,0.0140895
85.1851,0.102228,0.0140754
85.2101,0.102228,0.0140654
85.2352,0.102199,0.0139867
85.2602,0.102215,0.0139676
85.2852,0.102213,0.0138817
85.3102,0.102228,0.0137396
85.3353,0.10224,0.0135723
85.3603,0.102235,0.0134652
85.3853,0.102227,0.0133865
85.4103,0.102215,0.0133158
85.4353,0.102202,0.0132671
85.4604,0.102216,0.013271
85.4854,0.102224,0.0132207
85.5104,0.102227,0.0132406
85.5354,0.102221,0.0131297
85.5605,0.102227,0.0131628
85.5855,0.10223,0.0130899
85.6105,0.10223,0.0129132
85.6355,0.102221,0.0128234
85.6606,0.10224,0.01281
85.6856,0.102221,0.0128017
85.7106,0.102223,0.012802
85.7356,0.102231,0.0128139
85.7607,0.102227,0.0128275
85.7857,0.102229,0.0128651
85.8107,0.102224,0.0129023
85.8358,0.102223,0.0129269
85.8608,0.102221,0.0129309
85.8858,0.102236,0.0130277
85.9108,0.10222,0.0130093
85.9359,0.102206,0.0131629
85.9609,0.102219,0.013404
85.9859,0.102211,0.0135082
86.0109,0.102205,0.0135127
86.0359,0.102214,0.0135885
86.061,0.102224,0.0137033
86.086,0.102215,0.013763
86.111,0.102221,0.0140043
86.136,0.102208,0.0141037
86.1611,0.102205,0.014109
86.1861,0.102213,0.0141491
86.2111,0.102202,0.0141422
86.2361,0.10221,0.0141782
86.2612,0.102217,0.0141457
86.2862,0.102218,0.0141402
86.3112,0.102215,0.0141499
86.3363,0.10222,0.0141333
86.3613,0.102211,0.0141234
86.3863,0.102212,0.0141104
86.4113,0.102215,0.014092
86.4364,0.102215,0.0140882
86.4614,0.102212,0.0140902
86.4864,0.102217,0.0140528
86.5114,0.102205,0.0140508
86.5365,0.102212,0.0139475
86.5615,0.102216,0.0138751
