0,80.4963,-72.5803
0.025025,80.4889,-72.595
0.05005,80.4817,-72.5982
0.075075,80.463,-72.5986
0.1001,80.4728,-72.5996
0.125125,80.5856,-72.5753
0.15015,80.5623,-72.5798
0.175175,80.533,-72.5872
0.2002,80.5448,-72.5913
0.225225,80.5723,-72.5819
0.25025,80.6085,-72.5891
0.275275,80.5917,-72.5836
0.3003,80.5735,-72.5762
0.325325,80.5765,-72.5861
0.35035,80.6055,-72.5937
0.375375,80.6301,-72.5982
0.4004,80.561,-72.5902
0.425425,80.4924,-72.5977
0.45045,80.4612,-72.6174
0.475475,79.6796,-72.6956
0.5005,78.5389,-72.7588
0.525525,77.2008,-73.4126
0.55055,75.2387,-74.0327
0.575575,72.8444,-74.4737
0.6006,69.9589,-75.2578
0.625625,66.5433,-75.9923
0.65065,63.1524,-76.7435
0.675675,59.2756,-77.4402
0.7007,55.2599,-78.1165
0.725725,51.194,-78.7622
0.75075,46.4556,-79.548
0.775775,42.122,-80.2218
0.8008,37.4151,-80.538
0.825825,32.4095,-81.1392
0.85085,27.3139,-81.4608
0.875875,22.2487,-81.9079
0.9009,17.1992,-82.2558
0.925925,12.1796,-82.4865
0.95095,7.30392,-82.477
0.975975,2.25361,-82.3391
1.001,-2.16281,-82.2599
1.02602,-6.26857,-82.0843
1.05105,-10.0282,-81.8978
1.07607,-13.5521,-81.7819
1.1011,-16.4529,-81.6087
1.12613,-18.6409,-81.4807
1.15115,-20.0429,-81.4046
1.17617,-20.8173,-81.3757
1.2012,-20.8326,-81.379
1.22622,-19.8514,-81.428
1.25125,-17.9699,-81.5047
1.27628,-15.7409,-81.5965
1.3013,-12.281,-81.7616
1.32632,-7.95802,-81.8853
1.35135,-3.13594,-82.0385
1.37637,2.31258,-82.147
1.4014,8.28899,-82.2695
1.42643,15.2195,-81.8514
1.45145,22.4176,-81.7236
1.47647,30.0761,-80.9956
1.5015,37.8805,-80.1116
1.52652,45.5857,-79.3754
1.55155,53.3355,-77.9995
1.57658,60.7279,-76.8935
1.6016,67.8939,-75.3749
1.62662,74.2015,-73.7171
1.65165,80.1782,-72.4418
1.67667,85.087,-70.8403
1.7017,89.3182,-69.7923
1.72673,92.5865,-68.9329
1.75175,94.6283,-68.217
1.77677,95.6379,-67.9836
1.8018,95.6606,-67.9873
1.82682,94.5278,-68.1705
1.85185,92.4157,-68.8913
1.87688,89.2764,-69.8464
1.9019,85.2348,-71.0014
1.92692,80.2782,-72.3947
1.95195,74.4356,-73.6491
1.97697,67.8076,-75.2105
2.002,60.4794,-76.7204
2.02703,53.1765,-77.8779
2.05205,45.3067,-79.3223
2.07707,37.2344,-80.2199
2.1021,29.3154,-80.9979
2.12712,21.3628,-81.6503
2.15215,14.097,-81.6914
2.17718,7.05079,-82.0649
2.2022,0.559591,-82.0198
2.22722,-5.10821,-81.9282
2.25225,-10.0084,-81.7661
2.27727,-14.191,-81.5812
2.3023,-17.7282,-81.464
2.32733,-20.0412,-81.3387
2.35235,-21.8161,-81.2991
2.37737,-22.5746,-81.2509
2.4024,-22.619,-81.2735
2.42742,-21.635,-81.3505
2.45245,-19.8698,-81.4224
2.47748,-17.074,-81.566
2.5025,-13.9422,-81.6653
2.52752,-9.9797,-81.8245
2.55255,-5.83422,-81.933
2.57757,-1.06836,-82.0712
2.6026,4.09794,-82.1889
2.62763,9.20851,-82.2449
2.65265,14.6358,-82.2393
2.67767,20.0125,-81.8174
2.7027,25.2126,-81.6949
2.72772,30.5569,-81.0854
2.75275,35.6158,-80.7388
2.77778,40.4895,-80.2819
2.8028,45.2805,-79.4894
2.82782,50.0888,-78.7948
2.85285,54.3326,-77.9377
2.87787,58.2597,-77.3866
2.9029,62.049,-76.7693
2.92793,65.4463,-76.1599
2.95295,68.5001,-75.332
2.97797,71.2113,-74.9281
3.003,73.447,-74.3809
3.02802,75.0983,-74.121
3.05305,76.4036,-73.967
3.07808,77.2133,-73.716
3.1031,77.3585,-73.6251
3.12812,77.0137,-73.6497
3.15315,76.0861,-73.737
3.17817,74.5828,-74.3514
3.2032,72.5571,-74.7422
3.22823,70.3385,-75.2468
3.25325,67.3015,-75.6669
3.27827,64.309,-76.4849
3.3033,60.5598,-77.2297
3.32832,56.3768,-77.8576
3.35335,52.1576,-78.7144
3.37838,47.3748,-79.4264
3.4034,42.4824,-80.1453
3.42842,37.2729,-80.7068
3.45345,32.0548,-81.2035
3.47847,26.385,-81.7578
3.5035,21.0172,-81.8633
3.52853,15.2541,-82.3998
3.55355,9.87957,-82.4024
3.57857,4.3087,-82.4383
3.6036,-0.80263,-82.2912
3.62862,-5.81592,-82.1518
3.65365,-10.1486,-81.9268
3.67868,-13.896,-81.6932
3.7037,-17.1182,-81.5568
3.72872,-19.7907,-81.4189
3.75375,-21.7167,-81.3277
3.77877,-22.6839,-81.2852
3.8038,-22.8058,-81.299
3.82883,-21.9393,-81.3488
3.85385,-20.4524,-81.4384
3.87887,-17.8542,-81.5197
3.9039,-14.4558,-81.6776
3.92893,-10.025,-81.8504
3.95395,-5.07246,-81.9986
3.97898,0.847865,-82.1197
4.004,7.10689,-82.2485
4.02902,14.0293,-82.0246
4.05405,21.3546,-81.7326
4.07907,29.0453,-81.0828
4.1041,36.6208,-80.2931
4.12913,44.3093,-79.4666
4.15415,51.9869,-78.1678
4.17917,59.2466,-76.9186
4.2042,66.2662,-75.5952
4.22922,72.3921,-74.2587
4.25425,77.9324,-72.7727
4.27928,82.5636,-71.549
4.3043,86.5166,-70.5554
4.32932,89.5618,-69.7714
4.35435,91.596,-69.0686
4.37937,92.5597,-68.8586
4.4044,92.5889,-68.885
4.42943,91.5126,-69.0586
4.45445,89.4962,-69.7523
4.47947,86.4646,-70.7415
4.5045,82.4536,-71.7205
4.52952,77.5962,-73.0335
4.55455,72.2759,-74.3315
4.57958,66.2024,-75.7981
4.6046,59.715,-77.0885
4.62962,52.3652,-78.5144
4.65465,45.2618,-79.5307
4.67967,38.1109,-80.2978
4.7047,30.8814,-81.0795
4.72973,23.9215,-81.7172
4.75475,17.1949,-81.8197
4.77977,10.8735,-82.278
4.8048,5.02638,-82.2278
4.82982,-0.168076,-82.2065
4.85485,-4.81635,-82.0588
4.87988,-8.77829,-81.9143
4.9049,-11.8789,-81.7614
4.92992,-14.396,-81.6758
4.95495,-16.1424,-81.563
4.97997,-16.9342,-81.5274
5.005,-17.033,-81.5111
5.03003,-16.7708,-81.5245
5.05505,-15.6874,-81.5771
5.08007,-13.8518,-81.6354
5.1051,-11.3433,-81.7424
5.13012,-8.77833,-81.8227
5.15515,-5.62504,-81.9094
5.18018,-1.83565,-82.0047
5.2052,2.20001,-82.1123
5.23022,6.3029,-82.163
5.25525,10.8942,-82.2535
5.28027,15.3642,-82.0998
5.3053,20.0483,-81.8366
5.33033,24.7017,-81.5587
5.35535,29.3959,-81.2138
5.38037,34.0412,-80.7107
5.4054,38.7121,-80.4639
5.43042,43.165,-79.5599
5.45545,47.4653,-78.8605
5.48048,51.3876,-78.4454
5.5055,55.5005,-77.8037
5.53052,59.358,-76.9797
5.55555,63.055,-76.1589
5.58057,66.3547,-75.5357
5.6056,69.2811,-75.0129
5.63063,71.6761,-74.4057
5.65565,73.5179,-73.7623
5.68067,75.3349,-73.4324
5.7057,76.3664,-73.3576
5.73072,76.5199,-73.3297
5.75575,76.4939,-73.3692
5.78078,75.6507,-73.4551
5.8058,74.3999,-73.6063
5.83082,72.4383,-74.2262
5.85585,70.1463,-74.436
5.88087,67.3046,-75.2272
5.9059,64.1047,-76.0658
5.93093,60.1567,-76.8504
5.95595,55.5852,-77.7946
5.98097,50.8441,-78.4807
6.006,45.6343,-79.39
6.03102,40.2884,-80.0714
6.05605,34.4493,-80.8722
6.08108,28.4075,-81.5288
6.1061,22.4623,-81.821
6.13112,16.1599,-82.3667
6.15615,10.2119,-82.3962
6.18117,4.28172,-82.5222
6.2062,-1.5744,-82.6064
6.23123,-6.73596,-82.7319
6.25625,-11.3373,-82.5434
6.28127,-15.5833,-82.4476
6.3063,-18.9608,-82.3136
6.33132,-21.8296,-82.211
6.35635,-23.7899,-82.1856
6.38138,-24.8347,-82.0737
6.4064,-24.9221,-82.1251
6.43142,-23.9954,-82.1986
6.45645,-22.4411,-82.317
6.48147,-19.7411,-82.4691
6.5065,-16.078,-82.6056
6.53153,-11.8159,-82.743
6.55655,-6.8397,-82.9323
6.58157,-0.871687,-83.0516
6.6066,5.23423,-83.176
6.63162,12.4115,-82.8476
6.65665,19.581,-82.6467
6.68168,27.0557,-81.8974
6.7067,34.3414,-81.1707
6.73172,41.9157,-80.3181
6.75675,49.2641,-79.2464
6.78177,56.2551,-78.0789
6.8068,62.5125,-76.9332
6.83183,68.5149,-75.5546
6.85685,73.4909,-74.3271
6.88187,78.2925,-73.2716
6.9069,81.6656,-72.4574
6.93192,84.5346,-71.6821
6.95695,86.5819,-70.9512
6.98198,87.4726,-70.8105
7.007,87.5015,-70.8123
7.03202,86.5225,-70.9437
7.05705,84.4596,-71.5512
7.08207,81.6015,-72.5241
7.1071,78.3289,-73.5218
7.13213,73.7605,-74.4697
7.15715,68.4548,-75.8881
7.18217,63.2195,-76.9801
7.2072,57.2859,-78.02
7.23222,51.0983,-79.0388
7.25725,44.5723,-80.2464
7.28228,37.9989,-80.9584
7.3073,31.5639,-81.9536
7.33232,25.1388,-82.4909
7.35735,19.0951,-82.7115
7.38237,13.2023,-83.1493
7.4074,8.14682,-83.3115
7.43243,3.13771,-83.3066
7.45745,-1.17407,-83.2722
7.48247,-4.83333,-83.2106
7.5075,-7.86705,-83.0142
7.53252,-10.3917,-82.9346
7.55755,-12.4469,-82.7873
7.58258,-13.8626,-82.7026
7.6076,-14.46,-82.6961
7.63262,-14.7873,-82.6146
7.65765,-14.1453,-82.6192
7.68267,-12.9843,-82.6242
7.7077,-11.7066,-82.6989
7.73273,-9.6893,-82.7648
7.75775,-7.11817,-82.8195
7.78277,-4.37543,-82.9399
7.8078,-1.40443,-82.9835
7.83282,2.08484,-83.0749
7.85785,5.50042,-83.0697
7.88288,9.36131,-83.0214
7.9079,13.6069,-82.8594
7.93293,17.6039,-82.5203
7.95795,21.8451,-82.3775
7.98297,26.2198,-81.9278
8.008,30.6894,-81.7797
8.03303,35.2522,-81.155
8.05805,39.9457,-80.649
8.08307,44.3193,-79.9539
8.1081,48.932,-79.2353
8.13312,53.2619,-78.7446
8.15815,57.3571,-77.8365
8.18318,61.2683,-77.1411
8.2082,64.5718,-76.2558
8.23322,67.6631,-75.8222
8.25825,70.5396,-75.1854
8.28327,72.604,-74.5913
8.3083,74.3583,-74.3492
8.33333,75.3805,-74.1072
8.35835,75.6252,-74.1402
8.38338,75.502,-74.277
8.4084,74.5818,-74.3382
8.43342,73.1426,-74.6029
8.45845,70.9916,-75.0754
8.48348,68.3575,-76.0515
8.5085,65.2721,-76.9104
8.53353,61.2854,-77.7145
8.55855,56.8222,-78.7039
8.58357,51.9338,-79.5024
8.6086,46.364,-80.451
8.63363,41.0112,-81.2766
8.65865,35.0083,-82.1228
8.68368,28.8227,-82.6401
8.7087,22.7385,-82.9511
8.73372,16.1801,-83.5217
8.75875,10.1022,-83.5565
8.78378,3.98731,-83.9845
8.8088,-1.97457,-83.9178
8.83383,-7.12114,-83.8505
8.85885,-11.9064,-83.6852
8.88387,-16.0312,-83.5203
8.9089,-19.744,-83.3953
8.93393,-22.1882,-83.2483
8.95895,-24.0145,-83.198
8.98398,-24.967,-83.113
9.009,-24.9765,-83.1355
9.03402,-23.9673,-83.2694
9.05905,-21.9809,-83.3464
9.08408,-19.187,-83.4695
9.1091,-15.8337,-83.5872
9.13412,-11.0817,-83.7923
9.15915,-6.05816,-83.9194
9.18417,-0.0696834,-84.0365
9.2092,6.01803,-84.1721
9.23423,12.8409,-83.7379
9.25925,19.9235,-83.5703
9.28427,27.0059,-82.9104
9.3093,34.1901,-82.1214
9.33432,41.17,-81.369
9.35935,48.1702,-80.4247
9.38438,54.3923,-79.4928
9.4094,60.4139,-78.195
9.43442,65.996,-77.1465
9.45945,70.6569,-76.1059
9.48447,74.6698,-75.3015
9.5095,78.286,-74.2949
9.53453,80.5715,-73.6764
9.55955,82.448,-73.4258
9.58457,83.3641,-73.0393
9.6096,83.4273,-72.8279
9.63462,82.5286,-73.1183
9.65965,81.081,-73.4569
9.68468,78.5017,-74.2908
9.7097,75.4208,-75.2228
9.73472,71.4635,-76.0801
9.75975,67.2286,-77.1756
9.78477,62.2656,-78.1035
9.8098,57.0112,-79.1274
9.83483,51.5107,-79.8429
9.85985,45.9089,-80.8138
9.88487,40.194,-81.4371
9.9099,34.3134,-82.2526
9.93492,28.6863,-82.7768
9.95995,23.7221,-82.9322
9.98498,18.1697,-83.5673
10.01,13.6791,-83.5136
10.035,9.177,-83.6846
10.0601,5.05178,-83.7934
10.0851,1.27155,-84.0206
10.1101,-1.83696,-83.9539
10.1351,-4.60606,-83.9626
10.1601,-6.74058,-83.8864
10.1852,-8.62919,-83.8544
10.2102,-9.83874,-83.7371
10.2352,-10.6938,-83.7314
10.2602,-10.8681,-83.7037
10.2853,-10.7819,-83.7036
10.3103,-9.89409,-83.7112
10.3353,-8.85404,-83.776
10.3604,-7.10311,-83.8118
10.3854,-4.97393,-83.8807
10.4104,-2.72231,-83.9326
10.4354,0.037947,-84.0222
10.4604,3.06108,-84.0924
10.4855,6.24072,-84.0758
10.5105,9.88807,-84.0198
10.5355,13.84,-83.9862
10.5605,18.108,-83.7864
10.5856,22.2118,-83.6495
10.6106,26.8291,-83.0848
10.6356,31.4721,-82.7307
10.6607,36.1631,-82.3142
10.6857,41.077,-81.5131
10.7107,45.7888,-80.6319
10.7357,50.4739,-80.1895
10.7607,55.2859,-79.1297
10.7858,59.5038,-78.6691
10.8108,63.6432,-77.6603
10.8358,67.283,-77.1312
10.8608,70.3768,-76.2343
10.8859,73.3094,-75.5711
10.9109,75.3518,-75.2876
10.9359,76.8094,-74.7083
10.961,77.4242,-74.549
10.986,77.5653,-74.4672
11.011,77.3671,-74.4975
11.036,75.6949,-74.8501
11.061,73.6227,-75.2918
11.0861,70.9958,-76.0881
11.1111,67.6287,-77.0497
11.1361,63.4285,-77.8386
11.1611,59.1537,-78.8404
11.1862,53.8952,-79.6754
11.2112,48.2928,-80.6765
11.2362,42.4434,-81.4647
11.2613,36.2958,-82.1642
11.2863,29.9225,-82.9527
11.3113,23.2961,-83.369
11.3363,16.784,-83.943
11.3613,10.7213,-83.9945
11.3864,4.36882,-84.2941
11.4114,-1.60106,-84.1485
11.4364,-6.80294,-84.1691
11.4614,-11.5487,-83.9483
11.4865,-15.8042,-83.6629
11.5115,-19.0133,-83.5212
11.5365,-21.6321,-83.3809
11.5616,-23.1927,-83.2636
11.5866,-23.9222,-83.2395
11.6116,-23.8909,-83.2479
11.6366,-22.7861,-83.3439
11.6616,-20.8563,-83.4122
11.6867,-17.9498,-83.5018
11.7117,-14.122,-83.6627
11.7367,-9.9665,-83.8006
11.7617,-5.01994,-83.963
11.7868,0.481948,-84.0121
11.8118,6.26005,-84.1292
11.8368,12.7829,-83.7051
11.8619,19.1655,-83.5329
11.8869,26.0671,-82.9005
11.9119,32.6643,-82.2011
11.9369,39.1489,-81.4378
11.9619,45.2321,-80.5267
11.987,51.3051,-79.6734
12.012,57.0869,-78.6942
12.037,61.9441,-77.8218
12.062,66.4421,-76.9026
12.0871,70.2957,-76.1844
12.1121,73.4053,-75.3708
12.1371,75.691,-74.7226
12.1622,77.3843,-74.4561
12.1872,78.3484,-74.1881
12.2122,78.4618,-74.1972
12.2372,77.9187,-74.3428
12.2622,76.4412,-74.524
12.2873,74.4414,-75.3371
12.3123,71.6785,-76.0009
12.3373,68.4819,-76.5344
12.3623,64.5311,-77.5519
12.3874,60.4705,-78.0903
12.4124,56.1495,-79.067
12.4374,51.2735,-79.7066
12.4625,46.3486,-80.5662
12.4875,41.2581,-81.299
12.5125,36.2429,-81.9802
12.5375,31.1023,-82.643
12.5625,26.2481,-82.8695
12.5876,21.5897,-83.3527
12.6126,17.0631,-83.6561
12.6376,12.8632,-83.8759
12.6626,9.07129,-84.0002
12.6877,5.22101,-84.1802
12.7127,2.10792,-84.1303
12.7377,-0.921864,-84.0979
12.7628,-3.33601,-84.1016
12.7878,-5.66592,-83.9524
12.8128,-7.19959,-83.9395
12.8378,-8.81003,-83.8606
12.8628,-9.83288,-83.7925
12.8879,-9.96048,-83.7681
12.9129,-9.9862,-83.762
12.9379,-9.65558,-83.755
12.9629,-8.62969,-83.7899
12.988,-7.45428,-83.8074
13.013,-5.88774,-83.865
13.038,-3.67711,-83.9027
13.0631,-0.910667,-83.9659
13.0881,2.06593,-84.0358
13.1131,5.23134,-84.0037
13.1381,9.13059,-83.8818
13.1631,13.1629,-84.0507
13.1882,17.3328,-83.7218
13.2132,22.0199,-83.5167
13.2382,26.9896,-82.9848
13.2632,32.0598,-82.7989
13.2883,37.1565,-82.1184
13.3133,42.1681,-81.3624
13.3383,47.3148,-80.7041
13.3634,52.2425,-79.7455
13.3884,57.0812,-78.9579
13.4134,61.4905,-77.9666
13.4384,65.4067,-77.1996
13.4634,69.1536,-76.2227
13.4885,72.2426,-75.6052
13.5135,74.5452,-74.9637
13.5385,76.3757,-74.5314
13.5635,77.4959,-74.4268
13.5886,77.5263,-74.3675
13.6136,77.0237,-74.3824
13.6386,75.89,-74.6241
13.6637,73.9417,-75.1067
13.6887,71.2514,-76.1224
13.7137,67.5352,-77.0199
13.7387,63.6804,-77.7334
13.7637,59.1485,-78.8458
13.7888,53.6539,-79.7106
13.8138,47.9881,-80.6715
13.8388,42.1041,-81.5287
13.8638,35.9475,-82.3973
13.8889,29.2283,-82.9456
13.9139,23.0498,-83.5189
13.9389,16.2737,-83.9642
13.964,10.1544,-84.167
13.989,4.13827,-84.2263
14.014,-1.51556,-84.073
14.039,-6.64208,-84.393
14.064,-11.1174,-84.4266
14.0891,-14.9281,-84.3647
14.1141,-17.9799,-84.3158
14.1391,-20.2467,-84.2251
14.1641,-21.8021,-84.1791
14.1892,-22.1578,-84.2351
14.2142,-21.9537,-84.2606
14.2392,-20.8376,-84.3378
14.2643,-18.9166,-84.4081
14.2893,-15.9761,-84.5308
14.3143,-12.6058,-84.5787
14.3393,-8.77717,-84.7718
14.3643,-3.99781,-84.9345
14.3894,1.22101,-85.0035
14.4144,6.90693,-85.0328
14.4394,12.7711,-84.8333
14.4644,18.8677,-84.5364
14.4895,25.0548,-83.8968
14.5145,31.1067,-83.1441
14.5395,37.1274,-82.7192
14.5646,42.9555,-82.0257
14.5896,48.2304,-81.4707
14.6146,53.2496,-80.5692
14.6396,57.9838,-79.8539
14.6646,62.2312,-78.9247
14.6897,65.6215,-78.179
14.7147,68.5101,-77.2682
14.7397,70.9143,-77.0405
14.7647,72.5747,-76.8634
14.7898,73.5523,-76.4061
14.8148,74.145,-76.3802
14.8398,73.7987,-76.3422
14.8649,72.9329,-76.4985
14.8899,71.3894,-77.0128
14.9149,69.4035,-77.2537
14.9399,66.5937,-78.0698
14.9649,63.4988,-78.8998
14.99,60.1642,-79.5358
15.015,56.2519,-80.4316
15.04,52.2488,-80.8913
15.065,47.9666,-81.7527
15.0901,43.693,-82.3831
15.1151,39.2311,-82.8455
15.1401,34.8273,-83.811
15.1652,30.1934,-83.9955
15.1902,26.0176,-84.7284
15.2152,21.728,-84.776
15.2402,17.7777,-85.411
15.2652,13.8755,-85.4586
15.2903,10.0599,-85.4525
15.3153,6.82411,-85.4659
15.3403,3.29732,-85.4778
15.3653,0.195749,-85.3331
15.3904,-2.15512,-85.6229
15.4154,-4.24851,-85.7122
15.4404,-6.11858,-85.746
15.4655,-7.87076,-85.6916
15.4905,-8.86404,-85.6962
15.5155,-9.28976,-85.7179
15.5405,-9.55956,-85.6758
15.5655,-9.17552,-85.7717
15.5906,-8.16369,-85.7867
15.6156,-6.92039,-85.8097
15.6406,-4.99903,-85.853
15.6656,-2.64225,-85.8977
15.6907,0.0446933,-85.9876
15.7157,3.08976,-86.0637
15.7407,6.9942,-86.0497
15.7658,11.0594,-86.0108
15.7908,15.3234,-85.6164
15.8158,20.2428,-85.3619
15.8408,25.0922,-84.963
15.8659,30.1995,-84.8174
15.8909,35.7798,-84.159
15.9159,41.1459,-83.3474
15.9409,46.3926,-82.624
15.9659,51.9917,-81.6933
15.991,56.478,-80.8549
16.016,61.302,-79.9061
16.041,65.3823,-79.124
16.0661,69.2155,-78.213
16.0911,72.3518,-77.4494
16.1161,74.6551,-76.5187
16.1411,76.5461,-76.3755
16.1662,77.4732,-76.1758
16.1912,77.8888,-76.2454
16.2162,77.3856,-76.3515
16.2412,76.25,-76.623
16.2662,74.3364,-77.2974
16.2913,71.3725,-78.0045
16.3163,67.7721,-78.8705
16.3413,63.5424,-79.8466
16.3664,59.1046,-80.8389
16.3914,53.6979,-81.7452
16.4164,48.0822,-82.6791
16.4414,42.1467,-83.4767
16.4665,35.9932,-84.2826
16.4915,29.8463,-84.9794
16.5165,23.691,-85.3701
16.5415,17.2221,-85.9352
16.5665,11.1295,-86.1672
16.5916,5.60924,-86.3145
16.6166,0.286723,-86.2125
16.6416,-4.41894,-86.3803
16.6667,-8.80097,-86.079
16.6917,-12.0565,-85.8246
16.7167,-15.0024,-85.6751
16.7417,-16.9354,-85.5592
16.7668,-18.2779,-85.525
16.7918,-18.7292,-85.4413
16.8168,-18.1334,-85.4872
16.8418,-17.0502,-85.5145
16.8668,-15.0999,-85.5875
16.8919,-12.7899,-85.6492
16.9169,-9.76735,-85.7441
16.9419,-5.89426,-85.8485
16.967,-1.52135,-85.9405
16.992,3.05994,-86.0581
17.017,8.10776,-86.1117
17.042,13.2981,-85.7702
17.0671,18.9584,-85.5579
17.0921,24.237,-84.9163
17.1171,29.8869,-84.8481
17.1421,35.141,-84.109
17.1671,40.1922,-83.389
17.1922,45.2269,-82.6072
17.2172,49.9967,-81.7285
17.2422,54.1425,-81.188
17.2673,58.1327,-80.6347
17.2923,61.3559,-79.8965
17.3173,64.3326,-79.1341
17.3423,66.4881,-78.4447
17.3674,68.3777,-78.1477
17.3924,69.969,-77.9775
17.4174,70.4045,-77.8892
17.4424,70.5266,-77.6743
17.4674,70.3859,-77.8494
17.4925,69.285,-78.2204
17.5175,67.8704,-78.2687
17.5425,66.0758,-79.0454
17.5676,63.6281,-79.345
17.5926,60.656,-79.9097
17.6176,57.5968,-80.4159
17.6426,54.0797,-81.3052
17.6677,50.2371,-81.7618
17.6927,46.2695,-82.5716
17.7177,42.2845,-83.2698
17.7427,38.0555,-83.5721
17.7677,33.995,-84.0628
17.7928,29.954,-84.7308
17.8178,25.805,-84.9321
17.8428,21.5916,-85.4422
17.8679,17.5479,-85.6098
17.8929,13.552,-85.8027
17.9179,10.0406,-85.945
17.9429,6.18836,-86.1035
17.968,2.98653,-86.1492
17.993,-0.0911426,-86.1319
18.018,-2.98357,-86.0367
18.043,-5.08996,-85.9714
18.068,-7.04278,-85.9339
18.0931,-8.84282,-85.8013
18.1181,-9.93825,-85.7716
18.1431,-10.2278,-85.8086
18.1682,-10.105,-85.8073
18.1932,-9.77503,-85.7298
18.2182,-8.43126,-85.8327
18.2432,-6.84938,-85.8288
18.2683,-4.81964,-85.8836
18.2933,-1.92046,-85.9477
18.3183,1.12969,-86.0302
18.3433,5.03458,-86.0685
18.3683,9.17429,-86.0643
18.3934,13.8255,-85.6041
18.4184,18.6984,-85.6384
18.4434,24.0422,-84.9636
18.4685,29.4035,-84.7493
18.4935,35.0098,-84.1151
18.5185,40.323,-83.3435
18.5435,45.9141,-82.6056
18.5686,51.3827,-81.6939
18.5936,56.318,-80.8533
18.6186,61.0976,-79.9567
18.6436,65.2769,-79.0627
18.6686,69.0495,-78.2011
18.6937,72.2773,-77.4475
18.7187,74.6113,-77.1273
18.7437,76.3244,-76.5054
18.7688,77.418,-76.3953
18.7938,77.4159,-76.3748
18.8188,77.1165,-76.4315
18.8438,75.4876,-76.7242
18.8689,73.4013,-77.2202
18.8939,70.5354,-78.0042
18.9189,66.9625,-79.0086
18.9439,63.1407,-79.8877
18.9689,58.3701,-80.836
18.994,53.1724,-81.6943
19.019,47.3777,-82.6028
19.044,41.9523,-83.3945
19.0691,35.9053,-84.2916
19.0941,29.9604,-84.8068
19.1191,24.031,-85.1436
19.1441,18.0275,-85.648
19.1692,12.1905,-85.7958
19.1942,7.00813,-86.0429
19.2192,2.1169,-86.1035
19.2442,-2.22956,-86.0713
19.2692,-5.97165,-85.9669
19.2943,-9.307,-85.8547
19.3193,-11.9561,-85.7446
19.3443,-13.7938,-85.6389
19.3694,-14.8256,-85.5927
19.3944,-15.1462,-85.5908
19.4194,-14.9884,-85.5791
19.4444,-13.9424,-85.6012
19.4695,-12.1481,-85.6867
19.4945,-9.92325,-85.7269
19.5195,-6.93927,-85.8181
19.5445,-3.74108,-85.898
19.5695,0.210023,-85.9957
19.5946,4.17144,-86.0322
19.6196,8.78518,-86.1359
19.6446,13.4279,-85.6712
19.6697,18.0658,-85.6439
19.6947,23.0741,-84.9797
19.7197,28.0567,-84.8782
19.7447,32.9299,-84.1639
19.7698,37.663,-83.9151
19.7948,42.2625,-83.2593
19.8198,46.631,-82.5701
19.8448,50.2918,-81.7892
19.8698,54.1563,-81.4986
19.8949,57.3516,-80.7557
19.9199,60.3201,-80.1718
19.9449,62.9637,-79.6403
19.97,64.9505,-79.3545
19.995,66.5451,-78.9918
20.02,67.4366,-78.5219
20.045,68.2286,-78.3816
20.07,68.3145,-78.2724
20.0951,67.9343,-78.2973
20.1201,67.0773,-78.2935
20.1451,65.8402,-78.8984
20.1701,64.1995,-79.1392
20.1952,62.0198,-79.904
20.2202,59.2418,-80.0993
20.2452,56.2566,-80.793
20.2703,53.1755,-81.4086
20.2953,49.3214,-81.8265
20.3203,45.9197,-82.5725
20.3453,42.0101,-83.2296
20.3703,38.0161,-83.3877
20.3954,33.8292,-84.135
20.4204,29.6381,-84.2575
20.4454,25.4477,-84.8031
20.4704,21.0733,-84.8307
20.4955,16.9084,-85.4791
20.5205,12.9371,-85.4507
20.5455,9.05676,-85.4434
20.5706,5.3572,-85.4462
20.5956,1.69545,-85.5797
20.6206,-1.20299,-85.3587
20.6456,-3.95949,-85.3414
20.6706,-6.04858,-85.1168
20.6957,-7.992,-84.9747
20.7207,-9.54723,-84.8777
20.7457,-10.0743,-84.8477
20.7707,-10.1483,-84.8269
20.7958,-9.8936,-84.7716
20.8208,-8.87728,-84.8057
20.8458,-7.25521,-84.8537
20.8709,-4.96962,-84.905
20.8959,-2.06283,-84.9772
20.9209,1.02511,-85.0583
20.9459,5.01183,-85.0686
20.9709,9.19427,-85.1295
20.996,13.9846,-84.5959
21.021,19.0046,-84.6604
21.046,24.2026,-84.0064
21.071,29.8267,-83.8082
21.0961,35.2833,-83.1127
21.1211,40.9378,-82.388
21.1461,46.377,-81.599
21.1712,51.7404,-80.6871
21.1962,56.6725,-79.8757
21.2212,61.2729,-78.9832
21.2462,65.3303,-78.1559
21.2712,69.004,-77.2298
21.2963,72.1693,-76.494
21.3213,74.3455,-76.3237
21.3463,76.1655,-75.5385
21.3713,76.5909,-75.5151
21.3964,76.8252,-75.4714
21.4214,76.3862,-75.467
21.4464,74.7018,-75.8654
21.4715,72.5523,-76.2034
21.4965,69.5946,-77.0974
21.5215,66.074,-78.0411
21.5465,62.2749,-78.8526
21.5715,57.7961,-79.7962
21.5966,52.7428,-80.616
21.6216,47.8367,-81.4389
21.6466,42.1581,-82.3199
21.6716,36.4707,-82.9779
21.6967,30.6649,-83.6843
21.7217,25.1849,-84.2474
21.7467,19.7934,-84.5751
21.7718,14.629,-84.6664
21.7968,9.83792,-84.7656
21.8218,5.13808,-84.8281
21.8468,1.08414,-85.068
21.8718,-2.46488,-85.0151
21.8969,-5.35492,-84.9525
21.9219,-7.61016,-84.8802
21.9469,-9.30956,-84.7972
21.9719,-10.3928,-84.7829
21.997,-10.8294,-84.7182
22.022,-10.8347,-84.7178
22.047,-9.87859,-84.744
22.0721,-8.55181,-84.8016
22.0971,-6.72631,-84.8286
22.1221,-4.08389,-84.9153
22.1471,-1.10568,-84.9577
22.1721,2.00006,-85.0503
22.1972,5.87732,-85.0731
22.2222,9.80545,-85.1097
22.2472,14.026,-84.8247
22.2722,18.2082,-84.6599
22.2973,22.4962,-84.3654
22.3223,26.9488,-83.9976
22.3473,31.2845,-83.7043
22.3724,35.7834,-83.3151
22.3974,40.0154,-82.5831
22.4224,44.1042,-82.3106
22.4474,48.0594,-81.5357
22.4724,51.8802,-80.8503
22.4975,55.1025,-80.4166
22.5225,58.2099,-79.9725
22.5475,60.9891,-79.1817
22.5725,63.1935,-78.987
22.5976,65.2558,-78.2953
22.6226,66.6058,-78.1678
22.6476,67.4806,-78.0124
22.6727,68.0017,-77.9575
22.6977,68.2404,-77.98
22.7227,67.5312,-78.1132
22.7477,66.9808,-78.1561
22.7727,65.4223,-78.2879
22.7978,63.4675,-78.9352
22.8228,61.2957,-79.1646
22.8478,58.9294,-79.8346
22.8728,56.0121,-80.0502
22.8979,52.7424,-80.7362
22.9229,49.2525,-81.5774
22.9479,45.2449,-82.0003
22.973,41.2174,-82.4631
22.998,37.1163,-83.194
23.023,33.004,-83.3411
23.048,28.4812,-83.9666
23.073,24.0606,-84.0704
23.0981,19.4578,-84.652
23.1231,15.0926,-84.5799
23.1481,11.1004,-84.6953
23.1731,7.11402,-84.7268
23.1982,3.19393,-84.8184
23.2232,0.0662864,-84.944
23.2482,-2.97873,-84.9419
23.2733,-5.54749,-84.9499
23.2983,-7.64476,-84.8388
23.3233,-9.09171,-84.7639
23.3483,-9.924,-84.74
23.3733,-9.98155,-84.7283
23.3984,-9.82903,-84.7409
23.4234,-8.86031,-84.7531
23.4484,-7.10986,-84.794
23.4734,-4.94816,-84.8938
23.4985,-1.98643,-84.9467
23.5235,1.23549,-85.0125
23.5485,5.08353,-85.095
23.5736,9.36704,-85.1272
23.5986,14.1513,-84.7124
23.6236,19.2622,-84.5999
23.6486,24.5745,-84.0095
23.6736,29.9362,-83.8569
23.6987,35.3084,-83.1339
23.7237,40.8964,-82.3522
23.7487,46.1857,-81.654
23.7737,51.2409,-80.7397
23.7988,56.1923,-79.8654
23.8238,60.5668,-78.9686
23.8488,64.4009,-78.2161
23.8739,67.6552,-77.3269
23.8989,70.4171,-76.9191
23.9239,72.4204,-76.4366
23.9489,74.0433,-76.137
23.9739,74.4705,-76.1794
23.999,74.572,-76.1217
24.024,73.6483,-76.2695
24.049,72.3746,-76.5173
24.074,70.3328,-77.1017
24.0991,67.3891,-77.8883
24.1241,64.2706,-78.6059
24.1491,60.2709,-79.5404
24.1742,56.0626,-80.4154
24.1992,51.3402,-81.2132
24.2242,46.3465,-82.308
24.2492,41.1315,-82.8634
24.2743,36.0414,-83.3409
24.2993,30.5222,-84.0752
24.3243,25.3772,-84.4895
24.3493,20.1143,-84.9265
24.3743,15.2984,-85.2687
24.3994,10.968,-85.3867
24.4244,6.90385,-85.3982
24.4494,3.02484,-85.4067
24.4745,-0.154669,-85.408
24.4995,-2.87796,-85.2225
24.5245,-4.98398,-85.0852
24.5495,-6.88969,-84.9921
24.5746,-7.90743,-84.9074
24.5996,-8.55199,-84.8688
24.6246,-8.75819,-84.8258
24.6496,-7.99959,-84.8638
24.6746,-6.93751,-84.8489
24.6997,-5.39168,-84.9017
24.7247,-3.42558,-84.9543
24.7497,-0.856062,-84.9981
24.7748,2.09298,-85.0767
24.7998,5.07193,-85.0974
24.8248,8.35292,-85.0646
24.8498,12.0843,-85.0513
24.8749,15.9528,-84.7194
24.8999,19.9593,-84.5735
24.9249,23.9983,-84.3798
24.9499,28.0877,-83.9672
24.9749,32.1668,-83.8004
25,36.1106,-83.2417
25.025,39.9643,-82.6801
25.05,44.0775,-82.3183
25.0751,47.4803,-81.7215
25.1001,51.1098,-80.8976
25.1251,54.2201,-80.5564
25.1501,57.1906,-79.9935
25.1752,59.9869,-79.5827
25.2002,62.2115,-79.0259
25.2252,64.0625,-78.9088
25.2502,65.274,-78.4419
25.2752,66.3702,-78.176
25.3003,66.5972,-78.1262
25.3253,66.4985,-78.1148
25.3503,66.1636,-78.1618
25.3754,65.0649,-78.192
25.4004,63.5623,-78.5294
25.4254,61.8893,-78.915
25.4504,59.3447,-79.5565
25.4755,56.3771,-79.8714
25.5005,53.2714,-80.679
25.5255,50.0778,-80.8978
25.5505,46.1246,-81.6223
25.5755,42.188,-82.3684
25.6006,37.8647,-82.8305
25.6256,33.5702,-83.1798
25.6506,28.9108,-83.8505
25.6757,24.2677,-83.9763
25.7007,19.7817,-84.5624
25.7257,15.1567,-84.6098
25.7507,10.9653,-84.7555
25.7758,6.93582,-84.8054
25.8008,3.04919,-85.081
25.8258,-0.376666,-85.0044
25.8508,-3.31448,-85.017
25.8758,-5.91936,-84.9178
25.9009,-7.95183,-84.8415
25.9259,-9.70152,-84.799
25.9509,-10.1783,-84.7549
25.976,-10.3325,-84.7576
26.001,-9.93774,-84.7645
26.026,-8.88055,-84.7717
26.051,-7.21522,-84.8144
26.0761,-4.90792,-84.8942
26.1011,-1.92401,-84.9739
26.1261,1.81238,-85.0394
26.1511,5.58518,-85.0228
26.1761,10.0152,-85.0934
26.2012,14.8697,-84.7441
26.2262,19.8177,-84.5504
26.2512,25.0942,-84.0084
26.2763,30.2236,-83.7838
26.3013,35.86,-83.1728
26.3263,41.0215,-82.5433
26.3513,46.2387,-81.6547
26.3764,51.1307,-80.679
26.4014,55.789,-79.9943
26.4264,60.1485,-79.3
26.4514,63.507,-78.6084
26.4764,66.5847,-78.1202
26.5015,69.2344,-77.2639
26.5265,71.1964,-77.0712
26.5515,72.375,-76.5026
26.5766,72.8809,-76.4171
26.6016,73.1882,-76.3648
26.6266,72.2838,-76.3878
26.6516,71.0188,-76.969
26.6767,69.2618,-77.2645
26.7017,66.343,-78.0765
26.7267,63.3123,-78.9553
26.7517,59.5406,-79.5324
26.7767,55.4027,-80.3677
26.8018,51.2739,-80.9051
26.8268,46.834,-81.5886
26.8518,42.1458,-82.3719
26.8769,37.2129,-82.9308
26.9019,32.2563,-83.6713
26.9269,27.6419,-83.9397
26.9519,23.0674,-84.5107
26.977,18.5247,-84.7033
27.002,14.1677,-85.0668
27.027,10.5346,-85.2513
27.052,7.0397,-85.2791
27.077,3.98978,-85.2024
27.1021,1.25928,-85.2746
27.1271,-0.869247,-85.1887
27.1521,-2.83318,-85.1019
27.1772,-4.00898,-85.012
27.2022,-4.79786,-85.0046
27.2272,-4.93863,-84.9377
27.2522,-4.89161,-84.9437
27.2773,-4.00699,-84.9529
27.3023,-2.93027,-84.9623
27.3273,-1.18624,-85.0072
27.3523,0.909938,-85.0645
27.3773,3.07799,-85.0923
27.4024,5.86991,-85.122
27.4274,8.88281,-85.128
27.4524,11.9857,-85.2042
27.4775,15.2769,-85.2518
27.5025,19.0593,-84.8642
27.5275,22.8622,-84.6468
27.5525,26.7749,-84.205
27.5775,30.8273,-83.9828
27.6026,34.771,-83.3463
27.6276,38.7455,-83.0379
27.6526,42.9275,-82.4699
27.6776,46.2543,-82.0626
27.7027,50.134,-81.5963
27.7277,53.38,-80.9305
27.7527,56.3641,-80.4986
27.7778,59.3109,-80.0471
27.8028,61.6117,-79.5175
27.8278,63.5399,-79.1591
27.8528,65.2975,-78.9632
27.8778,66.4486,-78.7332
27.9029,67.2574,-78.4969
27.9279,67.3494,-78.3158
27.9529,67.2849,-78.2819
27.9779,66.2873,-78.2514
28.003,65.1913,-78.8453
28.028,63.3879,-79.0093
28.053,61.1594,-79.7823
28.078,58.2902,-80.0212
28.1031,55.2395,-80.7863
28.1281,51.5564,-81.2318
28.1531,47.9022,-82.0303
28.1782,43.9397,-82.5055
28.2032,39.3781,-83.1773
28.2282,35.1239,-83.3354
28.2532,30.2571,-84.0533
28.2782,25.7993,-84.2265
28.3033,21.0547,-84.711
28.3283,16.4932,-84.8757
28.3533,12.0098,-85.1143
28.3783,7.93142,-85.2202
28.4034,4.04316,-85.2346
28.4284,0.606583,-85.1298
28.4534,-2.24037,-85.1415
28.4785,-4.81635,-85.0364
28.5035,-6.84483,-84.9519
28.5285,-8.23035,-84.8931
28.5535,-8.94278,-84.8276
28.5785,-8.97788,-84.813
28.6036,-8.51391,-84.8621
28.6286,-7.21108,-84.8423
28.6536,-5.32918,-84.8847
28.6786,-2.98085,-84.9424
28.7037,-0.0117873,-85.0052
28.7287,3.19012,-85.1127
28.7537,7.16541,-85.1136
28.7788,11.4183,-85.1606
28.8038,16.0924,-84.7924
28.8288,20.9765,-84.5856
28.8538,26.0484,-84.0423
28.8788,31.0672,-83.9256
28.9039,36.19,-83.1812
28.9289,41.1348,-82.415
28.9539,46.0713,-81.8455
28.9789,50.5322,-80.8541
29.004,54.9429,-80.2485
29.029,58.3943,-79.7483
29.054,62.0653,-78.9284
29.0791,65.1301,-78.3036
29.1041,67.2804,-77.9352
29.1291,69.2268,-77.3917
29.1541,70.2505,-77.1954
29.1791,70.5621,-77.2115
29.2042,70.4696,-77.2299
29.2292,69.6067,-77.2417
29.2542,68.4156,-77.5018
29.2792,66.5659,-77.8409
29.3043,64.2613,-78.3619
29.3293,61.2854,-78.9033
29.3543,58.1339,-79.786
29.3794,54.4894,-80.2082
29.4044,50.3515,-80.7912
29.4294,46.1831,-81.4812
29.4544,42.0622,-82.2227
29.4794,37.8402,-82.5387
29.5045,33.2367,-83.1085
29.5295,28.9432,-83.4823
29.5545,24.7861,-83.8728
29.5795,20.893,-84.0081
29.6046,16.995,-84.3903
29.6296,13.3602,-84.48
29.6546,10.0676,-84.4998
29.6797,7.0639,-84.3779
29.7047,4.62681,-84.4463
29.7297,2.57815,-84.472
29.7547,0.414957,-84.5182
29.7797,-1.00371,-84.2635
29.8048,-1.94778,-84.1832
29.8298,-2.40139,-84.0977
29.8548,-2.4758,-84.1748
29.8798,-2.26569,-84.0383
29.9049,-1.30278,-84.0431
29.9299,-0.0151038,-84.083
29.9549,1.51113,-84.1417
29.98,3.13719,-84.1443
30.005,5.63422,-84.0983
30.03,8.23231,-84.2335
30.055,11.1003,-84.2212
30.08,14.114,-84.2539
30.1051,17.7041,-83.8716
30.1301,21.1578,-83.6969
30.1551,24.9566,-83.3621
30.1802,28.9952,-83.1361
30.2052,32.8789,-82.7821
30.2302,37.0462,-82.3603
30.2552,40.9534,-81.7518
30.2802,44.5896,-81.4143
30.3053,48.2761,-80.7216
30.3303,51.9292,-79.9817
30.3553,55.2501,-79.629
30.3803,58.3141,-79.0683
30.4054,61.1632,-78.2732
30.4304,63.2511,-78.0124
30.4554,65.2927,-77.3788
30.4805,66.7834,-77.2388
30.5055,67.3802,-77.0955
30.5305,67.6634,-77.1064
30.5555,67.4985,-77.0993
30.5805,67.1858,-77.1142
30.6056,65.6253,-77.3584
30.6306,64.1946,-77.299
30.6556,61.622,-78.1071
30.6806,58.9956,-78.4332
30.7057,56.0471,-79.0487
30.7307,52.46,-79.7061
30.7557,48.363,-80.532
30.7808,44.1842,-81.2792
30.8058,40.0557,-81.539
30.8308,35.2905,-82.084
30.8558,30.5989,-82.8346
30.8808,26.0835,-82.9117
30.9059,21.1462,-83.6101
30.9309,16.6316,-83.5953
30.9559,12.2296,-84.034
30.9809,8.14866,-84.1969
31.006,4.32993,-84.2217
31.031,1.04364,-84.1217
31.056,-1.92225,-84.0619
31.0811,-4.16171,-83.9863
31.1061,-5.92591,-83.9268
31.1311,-7.32282,-83.8987
31.1561,-7.86056,-83.8469
31.1811,-7.88628,-83.8365
31.2062,-7.14207,-83.8325
31.2312,-5.94414,-83.8778
31.2562,-3.94422,-83.9069
31.2812,-1.66929,-83.994
31.3063,1.11685,-84.0501
31.3313,4.25126,-84.1287
31.3563,8.14855,-84.141
31.3814,12.2498,-84.198
31.4064,16.7382,-83.6181
31.4314,21.2819,-83.7128
31.4564,26.1241,-83.0147
31.4814,30.971,-82.8913
31.5065,35.8897,-82.1629
31.5315,40.4183,-81.7937
31.5565,45.0729,-80.8423
31.5816,49.2335,-80.1851
31.6066,53.2069,-79.6912
31.6316,56.6073,-79.0931
31.6566,59.6217,-78.6213
31.6817,62.4246,-78.1013
31.7067,64.4445,-77.3718
31.7317,66.1768,-77.1729
31.7567,67.1907,-77.0399
31.7817,67.483,-77.041
31.8068,67.492,-77.0584
31.8318,67.262,-77.1028
31.8568,65.8352,-77.2621
31.8819,64.2906,-77.439
31.9069,62.2201,-77.9893
31.9319,59.4619,-78.444
31.9569,56.6056,-79.0982
31.982,53.339,-79.6061
32.007,49.6097,-80.3958
32.032,45.9949,-80.6499
32.057,42.1676,-81.4237
32.0821,38.1109,-81.7304
32.1071,34.1676,-82.1492
32.1321,30.1484,-82.4464
32.1571,26.1537,-82.8764
32.1822,22.5005,-82.9267
32.2072,18.4385,-83.4893
32.2322,15.1183,-83.4848
32.2572,11.9887,-83.5189
32.2822,9.00342,-83.4967
32.3073,6.26906,-83.5112
32.3323,4.14465,-83.4397
32.3573,2.0222,-83.4436
32.3824,0.309342,-83.4927
32.4074,-0.836116,-83.2939
32.4324,-1.60318,-83.2383
32.4574,-1.98703,-83.1042
32.4825,-1.97426,-83.0627
32.5075,-1.69939,-83.0816
32.5325,-0.717641,-83.1053
32.5575,0.250485,-83.0765
32.5825,2.03767,-83.0963
32.6076,4.10362,-83.1427
32.6326,6.23301,-83.1324
32.6576,9.08382,-83.1515
32.6827,12.083,-83.2315
32.7077,15.1779,-83.1817
32.7327,18.5344,-83.1997
32.7577,22.2243,-82.7544
32.7828,26.0628,-82.6593
32.8078,30.1397,-82.0604
32.8328,34.1678,-81.9816
32.8578,38.1247,-81.2911
32.8828,42.0854,-80.9695
32.9079,46.0428,-80.4393
32.9329,49.4434,-79.9925
32.9579,53.1324,-79.1418
32.983,56.2109,-78.7509
33.008,59.1706,-77.9853
33.033,61.4881,-77.8028
33.058,63.3917,-77.1039
33.0831,65.0945,-77.0625
33.1081,65.9864,-76.7776
33.1331,66.4027,-76.9351
33.1581,66.3743,-76.9433
33.1831,65.9875,-77.0378
33.2082,64.5126,-77.1781
33.2332,63.0663,-77.2125
33.2582,60.5422,-78.009
33.2833,57.9679,-78.3598
33.3083,54.9254,-78.8514
33.3333,51.3935,-79.4639
33.3583,47.3009,-80.3836
33.3834,43.215,-81.0331
33.4084,38.9219,-81.4452
33.4334,34.3778,-82.012
33.4584,29.5841,-82.7048
33.4834,25.0706,-82.8735
33.5085,20.2347,-83.4527
33.5335,16.0155,-83.5719
33.5585,11.8969,-83.6233
33.5836,7.99047,-83.6247
33.6086,4.20259,-83.8497
33.6336,1.0806,-83.9597
33.6586,-1.74146,-83.9702
33.6837,-3.8291,-83.9311
33.7087,-5.72544,-83.8988
33.7337,-6.76992,-83.8174
33.7587,-7.32719,-83.8237
33.7837,-7.09515,-83.823
33.8088,-6.16011,-83.8556
33.8338,-4.92382,-83.9007
33.8588,-3.01815,-83.9276
33.8839,-0.799581,-84.0005
33.9089,2.05729,-84.0476
33.9339,5.09486,-84.1337
33.9589,8.92391,-84.019
33.984,12.9614,-83.962
34.009,17.0807,-83.7382
34.034,21.2287,-83.6289
34.059,25.7761,-83.0143
34.084,30.2246,-82.951
34.1091,34.8937,-82.1762
34.1341,39.0438,-81.9522
34.1591,43.2513,-81.3647
34.1842,47.2857,-80.817
34.2092,51.0205,-80.0094
34.2342,54.1777,-79.6762
34.2592,57.2273,-78.9197
34.2843,59.8379,-78.6149
34.3093,61.9334,-78.1007
34.3343,63.4099,-77.9642
34.3593,64.4321,-77.6956
34.3843,65.0387,-77.6425
34.4094,65.2224,-77.8092
34.4344,65.1057,-77.9344
34.4594,64.0963,-78.037
34.4845,62.5562,-78.1544
34.5095,60.5843,-78.8299
34.5345,58.4759,-79.0623
34.5595,55.8013,-79.6502
34.5846,53.0967,-79.8636
34.6096,50.0947,-80.5886
34.6346,46.5389,-81.145
34.6596,43.0819,-81.5939
34.6846,39.281,-82.2268
34.7097,35.3646,-82.8706
34.7347,31.8597,-82.9865
34.7597,28.0646,-83.4488
34.7848,24.3962,-83.8117
34.8098,20.9451,-83.9555
34.8348,17.6181,-84.1631
34.8598,14.3017,-84.4781
34.8849,11.2643,-84.4343
34.9099,8.63632,-84.4381
34.9349,6.19918,-84.5487
34.9599,4.054,-84.3458
34.9849,2.26991,-84.3842
35.01,0.867143,-84.233
35.035,-0.158555,-84.1729
35.06,-0.866396,-84.1366
35.0851,-0.922129,-84.076
35.1101,-0.895827,-84.0785
35.1351,-0.213772,-84.0935
35.1601,1.01016,-84.1082
35.1852,2.26865,-84.1372
35.2102,4.11081,-84.1487
35.2352,6.11666,-84.2091
35.2602,8.97209,-84.1549
35.2852,11.9058,-84.2219
35.3103,15.0309,-84.2215
35.3353,18.3004,-84.1468
35.3603,22.0741,-83.7947
35.3854,25.8656,-83.6639
35.4104,30.0368,-83.107
35.4354,34.1395,-83.0032
35.4604,38.1217,-82.3275
35.4855,42.1649,-82.1644
35.5105,46.0362,-81.4287
35.5355,49.5439,-80.8341
35.5605,53.2016,-80.1629
35.5855,56.2416,-79.647
35.6106,59.2071,-79.0018
35.6356,61.3286,-78.797
35.6606,63.4579,-78.1076
35.6857,65.1424,-78.0238
35.7107,66.004,-77.8559
35.7357,66.3712,-77.9082
35.7607,66.3355,-77.9488
35.7858,65.8671,-77.9987
35.8108,64.4671,-78.1657
35.8358,62.9343,-78.3129
35.8608,60.5343,-79.0126
35.8858,57.8854,-79.4277
35.9109,54.8604,-79.9764
35.9359,51.2108,-80.5445
35.9609,47.3296,-81.4653
35.986,43.2701,-81.8171
36.011,39.0625,-82.3493
36.036,34.5008,-83.0003
36.061,30.0376,-83.2483
36.0861,25.3067,-83.6836
36.1111,21.0436,-83.9026
36.1361,16.6691,-84.1287
36.1611,12.9814,-84.4598
36.1861,9.19164,-84.4196
36.2112,5.90694,-84.4309
36.2362,2.94533,-84.361
36.2612,0.394618,-84.3895
36.2863,-1.71764,-84.2816
36.3113,-3.17707,-84.2005
36.3363,-4.12224,-84.0686
36.3613,-4.42082,-84.1326
36.3864,-4.63789,-84.0436
36.4114,-3.82093,-84.0437
36.4364,-2.61823,-84.0098
36.4614,-0.915991,-84.0251
36.4864,1.31326,-84.1076
36.5115,3.96671,-84.1023
36.5365,7.02148,-84.1669
36.5615,10.3368,-84.138
36.5866,14.0307,-83.9442
36.6116,18.0062,-83.5915
36.6366,22.0914,-83.6429
36.6616,26.1392,-82.986
36.6867,30.1703,-82.9273
36.7117,34.2755,-82.2424
36.7367,38.2028,-82.0223
36.7617,42.145,-81.3775
36.7867,46.0687,-80.6484
36.8118,49.2535,-80.4383
36.8368,52.3005,-79.9014
36.8618,55.2475,-79.1534
36.8869,57.3567,-78.8522
36.9119,59.3909,-78.4881
36.9369,61.1977,-78.1544
36.9619,62.2279,-77.9879
36.987,62.7909,-77.9587
37.012,63.1674,-77.9013
37.037,63.1424,-77.9552
37.062,62.2741,-78.0271
37.087,61.2236,-78.0226
37.1121,59.5294,-78.6877
37.1371,57.9197,-78.8654
37.1621,55.3536,-79.4708
37.1872,53.0412,-79.7177
37.2122,50.1506,-80.4861
37.2372,47.1975,-80.6634
37.2622,43.986,-81.3806
37.2873,40.7068,-81.48
37.3123,37.1085,-82.2095
37.3373,33.4502,-82.2842
37.3623,29.8315,-82.9046
37.3873,26.6034,-82.9666
37.4124,22.9604,-83.5394
37.4374,19.6406,-83.5748
37.4624,16.2956,-83.8167
37.4875,13.2932,-83.8349
37.5125,10.2745,-84.0216
37.5375,7.87943,-84.1313
37.5625,5.61389,-84.1633
37.5876,3.96067,-84.1871
37.6126,2.12923,-84.1627
37.6376,0.942278,-84.1001
37.6626,0.117274,-84.1156
37.6876,-0.031654,-84.0628
37.7127,-0.0299504,-84.0527
37.7377,0.162689,-84.0873
37.7627,1.11494,-84.1007
37.7878,2.42932,-84.1631
37.8128,4.08452,-84.139
37.8378,6.12633,-84.2012
37.8628,8.74676,-84.1771
37.8879,11.8067,-84.1255
37.9129,14.9284,-84.1267
37.9379,18.1131,-84.1599
37.9629,22.0821,-83.8153
37.9879,25.9089,-83.6112
38.013,30.0493,-83.0952
38.038,34.0806,-83.0168
38.063,38.089,-82.3201
38.0881,42.1302,-82.0389
38.1131,46.009,-81.4048
38.1381,49.566,-80.8255
38.1631,53.1226,-80.3446
38.1882,56.2267,-79.8498
38.2132,59.1081,-79.1427
38.2382,61.2705,-78.9279
38.2632,63.3594,-78.2978
38.2882,64.9352,-78.0434
38.3133,65.6141,-77.9906
38.3383,66.0714,-77.9616
38.3633,66.0126,-78
38.3884,65.2535,-78.0614
38.4134,64.1868,-78.1725
38.4384,62.3484,-78.558
38.4634,60.1286,-79.1876
38.4885,57.283,-79.6799
38.5135,54.2025,-80.3764
38.5385,50.9554,-80.6621
38.5635,47.1085,-81.5285
38.5885,43.0255,-81.9889
38.6136,39.0584,-82.7279
38.6386,34.9023,-82.9752
38.6636,30.286,-83.669
38.6887,26.1009,-83.8822
38.7137,21.8915,-84.3677
38.7387,17.9475,-84.6168
38.7637,14.1702,-84.6255
38.7888,10.9572,-84.5962
38.8138,7.84277,-84.6557
38.8388,4.95971,-84.5711
38.8638,2.88596,-84.5194
38.8888,1.03709,-84.3696
38.9139,-0.347757,-84.2754
38.9389,-0.90986,-84.2386
38.9639,-1.29116,-84.1411
38.989,-1.09534,-84.0994
39.014,-0.334395,-84.1135
39.039,1.00028,-84.1208
39.064,2.49187,-84.1895
39.0891,4.25799,-84.1996
39.1141,6.97553,-84.1922
39.1391,9.93521,-84.2543
39.1641,12.9915,-84.2064
39.1891,16.1282,-84.2967
39.2142,19.9907,-83.9399
39.2392,23.5212,-83.6483
39.2642,27.2301,-83.3658
39.2892,31.1183,-83.0146
39.3143,35.0429,-82.5349
39.3393,38.6884,-82.2176
39.3643,42.3673,-81.638
39.3894,45.4323,-81.4193
39.4144,49.0499,-80.6405
39.4394,52.1238,-80.1432
39.4644,54.5993,-79.7821
39.4894,57.0654,-79.2793
39.5145,59.1421,-78.8884
39.5395,60.5391,-78.7945
39.5645,62.0083,-78.2381
39.5896,62.5096,-78.1955
39.6146,63.1004,-78.0255
39.6396,63.1973,-78.018
39.6646,62.5452,-78.1256
39.6897,61.4799,-78.1103
39.7147,60.2815,-78.4484
39.7397,58.7477,-78.9684
39.7647,56.3719,-79.437
39.7897,54.2131,-79.7122
39.8148,51.3982,-80.3971
39.8398,48.652,-80.7558
39.8648,45.5861,-81.4105
39.8898,42.3523,-81.5111
39.9149,38.9682,-82.1502
39.9399,35.6952,-82.255
39.9649,32.1066,-82.8773
39.99,28.8918,-83.0006
40.015,25.1673,-83.4967
40.04,22.0526,-83.6962
40.065,18.7446,-83.8011
40.09,15.7883,-83.7873
40.1151,12.9892,-83.826
40.1401,10.0657,-83.9067
40.1651,7.95475,-84.2293
40.1902,6.02303,-84.2125
40.2152,4.12685,-84.2198
40.2402,2.81857,-84.1501
40.2652,2.05075,-84.1643
40.2903,1.54792,-84.2469
40.3153,1.23262,-84.1563
40.3403,1.37747,-84.1745
40.3653,2.24159,-84.1545
40.3903,3.81293,-84.1534
40.4154,5.23534,-84.22
40.4404,7.27315,-84.2511
40.4654,9.96173,-84.2037
40.4905,12.8346,-84.221
40.5155,15.9734,-84.1376
40.5405,19.1583,-84.2797
40.5655,23.0916,-83.8237
40.5906,26.8939,-83.7992
40.6156,31.0268,-83.1258
40.6406,35.0163,-82.9585
40.6656,39.0836,-82.3823
40.6906,43.0591,-82.0225
40.7157,46.8962,-81.4323
40.7407,50.3111,-81.1861
40.7657,53.66,-80.6917
40.7908,56.8886,-79.9169
40.8158,59.2885,-79.6868
40.8408,61.9205,-79.1767
40.8658,63.3945,-78.9721
40.8909,65.156,-78.3869
40.9159,65.542,-78.2509
40.9409,65.9871,-78.1385
40.9659,65.5428,-78.1809
40.9909,64.9396,-78.1904
41.016,63.5497,-78.6479
41.041,61.9853,-78.9451
41.066,59.4316,-79.7636
41.0911,57.0475,-79.841
41.1161,54.0342,-80.6724
41.1411,50.8159,-80.8544
41.1661,47.1701,-81.5366
41.1912,43.2632,-82.1446
41.2162,39.2754,-82.7589
41.2412,35.1293,-83.066
41.2662,31.0202,-83.6015
41.2912,27.054,-83.9101
41.3163,23.1288,-84.1182
41.3413,19.1091,-84.5623
41.3663,15.8447,-84.6012
41.3914,12.8784,-84.5083
41.4164,9.93804,-84.5446
41.4414,7.17934,-84.5509
41.4664,5.11926,-84.517
41.4915,3.43623,-84.5583
41.5165,2.08908,-84.3605
41.5415,1.39825,-84.3694
41.5665,1.0103,-84.2003
41.5915,1.04794,-84.1629
41.6166,1.85443,-84.1635
41.6416,3.01425,-84.1744
41.6666,4.28529,-84.2234
41.6917,6.0867,-84.2255
41.7167,8.26018,-84.2605
41.7417,11.0094,-84.3132
41.7667,13.7735,-84.2168
41.7918,16.8997,-84.2333
41.8168,20.157,-83.8847
41.8418,23.3755,-83.8324
41.8668,26.9777,-83.432
41.8918,30.493,-83.3973
41.9169,34.0966,-82.9171
41.9419,37.3445,-82.8766
41.9669,40.9835,-82.2504
41.992,44.1599,-81.9858
42.017,47.2272,-81.5264
42.042,50.1933,-81.4069
42.067,52.8423,-80.6635
42.0921,55.1892,-80.5596
42.1171,57.2422,-79.9574
42.1421,59.0646,-79.8601
42.1671,60.2954,-79.6484
42.1921,61.2993,-79.5352
42.2172,61.9485,-79.305
42.2422,62.1209,-79.198
42.2672,62.0286,-79.1182
42.2923,61.3035,-79.1848
42.3173,60.143,-79.5566
42.3423,58.5804,-79.8987
42.3673,57.0654,-79.9767
42.3924,54.9719,-80.4759
42.4174,52.3071,-80.8678
42.4424,49.6037,-81.4802
42.4674,46.8285,-81.6471
42.4924,43.776,-82.1326
42.5175,40.4644,-82.6469
42.5425,37.0895,-83.1031
42.5675,33.7127,-83.247
42.5926,30.1907,-83.803
42.6176,26.9214,-83.9605
42.6426,23.5514,-84.2525
42.6676,20.08,-84.4758
42.6927,17.0467,-84.5597
42.7177,14.0816,-84.5631
42.7427,11.2644,-84.5859
42.7677,9.03142,-84.5333
42.7927,7.02632,-84.4829
42.8178,5.12771,-84.483
42.8428,3.72279,-84.4227
42.8678,3.02793,-84.3255
42.8929,2.60262,-84.3119
42.9179,2.41008,-84.3427
42.9429,2.68323,-84.2212
42.9679,3.78991,-84.1921
42.993,5.09278,-84.2467
43.018,6.85645,-84.2449
43.043,8.94818,-84.2918
43.068,11.2747,-84.3045
43.093,14.1924,-84.3819
43.1181,17.1861,-84.3392
43.1431,20.7186,-84.2793
43.1681,24.3785,-83.9198
43.1932,28.0961,-83.8209
43.2182,32.0812,-83.1527
43.2432,36.0431,-82.8505
43.2682,39.9991,-82.4096
43.2933,43.6685,-82.2566
43.3183,47.2418,-81.535
43.3433,50.4584,-81.2902
43.3683,53.935,-80.6148
43.3933,57.0356,-80.1066
43.4184,59.2557,-79.7566
43.4434,61.2349,-79.6958
43.4684,63.1598,-79.0741
43.4935,64.3506,-79.034
43.5185,65.0807,-78.8434
43.5435,65.2192,-78.9319
43.5685,65.1311,-78.9942
43.5936,64.1869,-79.0558
43.6186,63.1286,-79.1781
43.6436,61.2712,-79.6885
43.6686,59.1739,-80.0566
43.6936,56.3495,-80.5915
43.7187,53.4815,-81.0584
43.7437,50.2925,-81.563
43.7687,46.7776,-82.0282
43.7938,43.3028,-82.5264
43.8188,39.243,-83.2387
43.8438,35.4353,-83.4631
43.8688,31.537,-84.0154
43.8939,28.0068,-84.0546
43.9189,24.072,-84.4185
43.9439,20.7558,-84.6823
43.9689,17.3781,-84.8197
43.9939,14.2672,-84.7611
44.019,11.3851,-84.9421
44.044,9.05002,-85.2585
44.069,7.01416,-85.213
44.0941,5.28422,-85.2315
44.1191,4.12232,-85.2209
44.1441,3.39906,-85.2321
44.1691,2.99772,-85.1826
44.1942,3.01471,-85.1649
44.2192,3.596,-85.177
44.2442,4.83271,-85.1925
44.2692,6.01248,-85.2191
44.2942,7.39593,-85.2737
44.3193,9.60702,-85.1837
44.3443,11.9998,-85.3378
44.3693,14.5721,-85.2207
44.3944,17.3928,-85.3823
44.4194,20.1908,-85.2108
44.4444,23.3603,-85.0076
44.4694,26.552,-84.7888
44.4945,29.8031,-84.6113
44.5195,33.1982,-84.1262
44.5445,36.3895,-84.1113
44.5695,39.913,-83.4324
44.5945,42.9606,-83.3054
44.6196,46.1262,-82.6008
44.6446,49.0122,-82.4327
44.6696,51.703,-81.7566
44.6947,54.0353,-81.617
44.7197,56.2403,-81.1187
44.7447,57.9884,-80.8232
44.7697,59.3582,-80.7845
44.7948,60.3149,-80.7345
44.8198,61.1233,-80.4104
44.8448,61.2598,-80.0974
44.8698,61.2635,-80.0833
44.8948,60.9587,-80.096
44.9199,59.9966,-80.2324
44.9449,58.466,-80.4515
44.9699,57.0935,-80.8364
44.995,55.2059,-81.0983
45.02,52.6301,-81.66
45.045,50.1003,-81.8007
45.07,47.1772,-82.4317
45.0951,44.2271,-82.6162
45.1201,41.0203,-83.2441
45.1451,37.9707,-83.3874
45.1701,34.2107,-84.0355
45.1951,31.0129,-84.1184
45.2202,27.2564,-84.6821
45.2452,24.0936,-84.7835
45.2702,20.8131,-85.0257
45.2953,17.8795,-84.8813
45.3203,14.8681,-85.246
45.3453,12.0577,-85.3686
45.3703,9.92658,-85.3755
45.3954,7.94259,-85.3621
45.4204,6.05949,-85.3235
45.4454,4.51501,-85.368
45.4704,3.88874,-85.2699
45.4954,3.22166,-85.2645
45.5205,3.11068,-85.2195
45.5455,3.3496,-85.2837
45.5705,4.1918,-85.2328
45.5956,5.64999,-85.1915
45.6206,7.29646,-85.2657
45.6456,9.1917,-85.284
45.6706,11.9917,-85.2838
45.6957,14.848,-85.2442
45.7207,17.9207,-85.2552
45.7457,21.2536,-85.0849
45.7707,24.8393,-84.7364
45.7957,28.3292,-84.6381
45.8208,32.1369,-84.1188
45.8458,36.0339,-83.972
45.8708,39.9433,-83.3539
45.8959,43.2476,-83.2525
45.9209,47.0148,-82.4953
45.9459,50.1582,-81.9694
45.9709,53.195,-81.5592
45.996,56.1179,-81.0521
46.021,58.2005,-80.7076
46.046,60.1653,-80.5736
46.071,61.8907,-80.0614
46.096,63.0831,-79.9494
46.1211,63.4243,-79.9681
46.1461,63.4075,-79.978
46.1711,63.2222,-80.0121
46.1962,62.2682,-80.0375
46.2212,61.1986,-80.2659
46.2462,59.3778,-80.5709
46.2712,57.2716,-80.9425
46.2963,55.0795,-81.1271
46.3213,52.1478,-81.7425
46.3463,49.1007,-82.18
46.3713,46.027,-82.7742
46.3963,42.4927,-83.2952
46.4214,39.028,-83.5386
46.4464,35.3087,-84.0599
46.4714,31.8084,-84.3925
46.4965,28.3497,-84.6941
46.5215,24.9311,-84.8632
46.5465,21.9036,-84.9006
46.5715,18.4588,-85.4144
46.5966,15.6867,-85.4184
46.6216,13.1715,-85.477
46.6466,11.0661,-85.4506
46.6716,9.04192,-85.4846
46.6966,7.3841,-85.5208
46.7217,6.13037,-85.4587
46.7467,5.13667,-85.3653
46.7717,5.02332,-85.3083
46.7968,4.998,-85.2655
46.8218,5.21867,-85.2861
46.8468,6.00848,-85.3141
46.8718,7.11166,-85.2864
46.8969,8.76985,-85.2855
46.9219,10.515,-85.3506
46.9469,12.2245,-85.3576
46.9719,14.8835,-85.3458
46.9969,17.397,-85.4272
47.022,20.1421,-85.0723
47.047,23.0762,-84.8584
47.072,26.0809,-84.7694
47.0971,29.1334,-84.6588
47.1221,32.6474,-84.1131
47.1471,35.7705,-83.9933
47.1721,39.105,-83.5115
47.1972,42.1373,-83.2589
47.2222,45.1454,-82.5985
47.2472,47.8358,-82.4206
47.2722,50.6538,-81.9103
47.2972,52.7293,-81.56
47.3223,55.1714,-81.1729
47.3473,57.038,-80.8364
47.3723,58.3401,-80.7333
47.3974,59.4839,-80.7334
47.4224,60.1258,-80.4764
47.4474,60.3124,-80.6462
47.4724,60.3336,-80.7237
47.4975,60.1169,-80.7869
47.5225,59.21,-80.8937
47.5475,58.0891,-80.9062
47.5725,56.4897,-81.2758
47.5975,54.5965,-81.5728
47.6226,52.1844,-81.9068
47.6476,49.5867,-82.4154
47.6726,46.9948,-82.6336
47.6977,44.0466,-83.1494
47.7227,40.8668,-83.5217
47.7477,37.7067,-83.9711
47.7727,34.1738,-84.3578
47.7978,30.8893,-84.6473
47.8228,27.5444,-85.051
47.8478,24.1238,-85.0832
47.8728,20.8642,-85.4854
47.8978,17.8482,-85.5693
47.9229,14.9894,-85.6052
47.9479,12.2813,-85.6607
47.9729,9.9927,-85.5539
47.998,8.03125,-85.5033
48.023,6.1726,-85.5503
48.048,4.93585,-85.4101
48.073,4.09982,-85.3325
48.0981,3.8997,-85.2959
48.1231,3.92226,-85.2628
48.1481,4.10957,-85.25
48.1731,5.11175,-85.2603
48.1981,6.40341,-85.2957
48.2232,8.08348,-85.3046
48.2482,10.0831,-85.3117
48.2732,12.5815,-85.2684
48.2982,15.5998,-85.3067
48.3233,18.6272,-85.2617
48.3483,21.9462,-85.2284
48.3733,25.4052,-84.828
48.3984,28.9738,-84.4368
48.4234,32.6971,-84.0117
48.4484,36.1137,-83.8516
48.4734,39.938,-83.3282
48.4984,43.1515,-83.1867
48.5235,46.5502,-82.5671
48.5485,49.3499,-82.4049
48.5735,52.2657,-81.7164
48.5986,54.9221,-81.1909
48.6236,57.1634,-80.8414
48.6486,58.7746,-80.6442
48.6736,60.3556,-80.3592
48.6987,61.3234,-80.095
48.7237,61.896,-79.959
48.7487,62.0738,-79.9592
48.7737,61.4997,-79.9988
48.7987,60.9905,-80.0483
48.8238,59.5744,-80.2862
48.8488,58.1368,-80.3406
48.8738,56.1154,-80.7708
48.8988,53.8049,-80.949
48.9239,51.2699,-81.652
48.9489,48.3126,-81.7823
48.9739,45.3084,-82.4765
48.999,42.2193,-82.5644
49.024,38.9644,-83.2369
49.049,35.8504,-83.2706
49.074,32.1967,-83.9132
49.099,29.0907,-84.0001
49.1241,25.967,-84.2442
49.1491,22.8469,-84.4467
49.1741,19.9933,-84.7097
49.1992,17.3162,-84.6994
49.2242,14.948,-84.7469
49.2492,12.9608,-84.622
49.2742,11.0413,-84.6084
49.2993,9.26538,-84.6597
49.3243,8.14761,-84.6186
49.3493,7.15371,-84.4479
49.3743,6.95008,-84.4549
49.3993,6.90362,-84.4059
49.4244,7.06422,-84.3792
49.4494,7.38549,-84.4131
49.4744,8.60053,-84.355
49.4994,10.0445,-84.3584
49.5245,11.4767,-84.4148
49.5495,13.1666,-84.4208
49.5745,15.3771,-84.4697
49.5996,17.9627,-84.4142
49.6246,20.4468,-84.422
49.6496,23.2194,-84.2459
49.6746,26.1025,-83.8653
49.6996,29.0871,-83.8093
49.7247,32.1862,-83.3801
49.7497,35.1859,-83.1198
49.7747,38.2677,-82.9244
49.7998,41.2889,-82.5019
49.8248,44.1919,-82.1436
49.8498,47.1595,-81.6702
49.8748,49.5184,-81.513
49.8999,52.0586,-80.8961
49.9249,54.1715,-80.6284
49.9499,55.9674,-80.3245
49.9749,57.5093,-80.0514
49.9999,58.6719,-79.9738
50.025,59.3041,-79.8439
50.05,59.4398,-79.8405
50.075,59.4477,-79.8494
50.1001,59.2882,-79.8794
50.1251,58.3814,-79.9184
50.1501,57.2541,-79.9077
50.1751,55.8812,-80.1412
50.2002,54.1158,-80.4932
50.2252,51.9721,-80.8537
50.2502,49.2594,-81.426
50.2752,46.7324,-81.655
50.3002,43.9255,-82.0716
50.3253,40.9568,-82.4872
50.3503,37.6385,-83.0352
50.3753,34.1539,-83.2905
50.4004,31.0243,-83.4844
50.4254,27.3983,-83.8836
50.4504,24.2026,-83.9255
50.4754,20.9723,-84.2499
50.5005,18.01,-84.5223
50.5255,15.1708,-84.61
50.5505,12.7733,-84.5585
50.5755,10.7005,-84.5421
50.6005,8.89547,-84.4922
50.6256,7.14327,-84.4623
50.6506,5.98935,-84.3958
50.6756,5.18275,-84.4595
50.7007,5.03939,-84.3155
50.7257,5.04704,-84.3052
50.7507,5.23201,-84.3222
50.7757,6.30095,-84.3492
50.8008,7.82356,-84.2877
50.8258,9.29734,-84.3387
50.8508,11.2366,-84.3688
50.8758,13.8461,-84.3508
50.9008,16.7066,-84.3487
50.9259,19.4562,-84.3903
50.9509,22.7927,-83.8567
50.9759,25.9935,-83.8447
51.001,29.1533,-83.7092
51.026,33.002,-83.1358
51.051,36.1792,-83.1243
51.076,39.5243,-82.7117
51.1011,42.9186,-82.2214
51.1261,46.048,-81.5775
51.1511,49.0051,-81.3541
51.1761,51.4825,-80.972
51.2011,53.6175,-80.7178
51.2262,55.8847,-80.017
51.2512,57.3994,-79.9283
51.2762,58.8502,-79.5959
51.3013,59.8579,-79.6642
51.3263,60.2431,-79.7222
51.3513,60.2521,-79.7778
51.3763,60.0232,-79.8225
51.4014,59.2567,-79.8599
51.4264,58.1965,-79.9232
51.4514,56.7975,-80.0313
51.4764,55.0673,-80.632
51.5014,53.1145,-80.7585
51.5265,50.4877,-81.5043
51.5515,48.0826,-81.621
51.5765,45.0713,-82.3068
51.6016,42.1485,-82.4658
51.6266,39.0932,-83.1155
51.6516,36.1082,-83.1985
51.6766,33.0316,-83.5399
51.7017,29.8765,-83.7492
51.7267,26.9531,-84.0216
51.7517,24.0654,-84.0544
51.7767,21.1445,-84.4861
51.8017,18.4343,-84.6138
51.8268,16.1477,-84.6171
51.8518,14.1315,-84.5759
51.8768,12.1739,-84.5982
51.9019,10.7419,-84.5328
51.9269,9.70277,-84.5329
51.9519,8.82812,-84.5374
51.9769,8.15471,-84.4502
52.002,8.0982,-84.4038
52.027,8.12048,-84.3786
52.052,8.48193,-84.4439
52.077,9.32129,-84.3926
52.102,10.5512,-84.4197
52.1271,12.0403,-84.398
52.1521,13.7113,-84.4113
52.1771,15.9688,-84.4034
52.2022,18.1428,-84.4653
52.2272,20.4244,-84.4476
52.2522,23.187,-84.3844
52.2772,26.0623,-84.0113
52.3023,28.9966,-83.8481
52.3273,32.133,-83.3864
52.3523,35.1038,-83.1786
52.3773,38.1235,-83.0502
52.4023,41.1705,-82.6133
52.4274,44.0661,-82.2428
52.4524,46.9529,-81.6788
52.4774,49.2967,-81.4976
52.5025,51.8707,-80.8864
52.5275,54.1385,-80.7081
52.5525,55.8018,-80.5326
52.5775,57.4181,-80.1479
52.6026,58.5648,-80.0216
52.6276,59.2424,-79.8539
52.6526,59.4809,-79.8917
52.6776,59.4164,-79.8635
52.7026,59.223,-79.8772
52.7277,58.323,-79.9079
52.7527,57.261,-79.9109
52.7777,55.9354,-80.1196
52.8028,54.1876,-80.5899
52.8278,52.0099,-80.8811
52.8528,49.6537,-81.4308
52.8778,46.8867,-81.6021
52.9029,44.0024,-82.0478
52.9279,41.0808,-82.467
52.9529,37.9676,-82.9566
52.9779,34.7421,-83.2909
53.0029,31.2922,-83.7404
53.028,28.1305,-83.9307
53.053,25.0896,-83.9511
53.078,21.9347,-84.517
53.1031,19.07,-84.5696
53.1281,16.335,-84.654
53.1531,14.009,-84.5579
53.1781,11.9916,-84.6174
53.2032,10.1326,-84.5594
53.2282,8.74782,-84.5873
53.2532,7.72246,-84.4427
53.2782,7.08568,-84.4446
53.3032,7.01875,-84.4068
53.3283,7.05619,-84.3637
53.3533,7.35118,-84.4207
53.3783,8.32175,-84.3556
53.4034,9.90814,-84.3559
53.4284,11.2816,-84.3729
53.4534,13.1793,-84.4171
53.4784,15.7208,-84.3558
53.5035,18.2771,-84.4443
53.5285,21.0474,-84.2151
53.5535,24.0271,-84.3779
53.5785,27.1389,-83.9798
53.6035,30.1895,-83.9141
53.6286,33.6771,-83.2564
53.6536,36.9988,-83.2236
53.6786,40.1434,-82.7336
53.7037,43.2004,-82.4
53.7287,46.1365,-81.6997
53.7537,48.9301,-81.5072
53.7787,51.2981,-80.9496
53.8038,53.2782,-80.7338
53.8288,55.2385,-80.5634
53.8538,57.0699,-80.2376
53.8788,58.1854,-79.8678
53.9038,59.2052,-79.8334
53.9289,59.421,-79.8238
53.9539,59.383,-79.8505
53.9789,59.205,-79.865
54.004,58.6294,-79.9269
54.029,57.4009,-79.9857
54.054,56.1334,-80.0204
54.079,54.3003,-80.6174
54.1041,52.3542,-80.7624
54.1291,50.1214,-81.3464
54.1541,47.4991,-81.6103
54.1791,45.0134,-82.1225
54.2041,42.2048,-82.3943
54.2292,39.1945,-82.9768
54.2542,36.2599,-83.1623
54.2792,33.3026,-83.4409
54.3042,30.1821,-83.8354
54.3293,27.2494,-83.9802
54.3543,24.452,-84.0619
54.3793,21.8752,-84.2519
54.4044,19.233,-84.6099
54.4294,17.0748,-84.6016
54.4544,15.0946,-84.5935
54.4794,13.1399,-84.5668
54.5044,11.6684,-84.5526
54.5295,10.3984,-84.6457
54.5545,9.26155,-84.5517
54.5795,8.93963,-84.4412
54.6046,8.8342,-84.4218
54.6296,8.94983,-84.4168
54.6546,9.12238,-84.427
54.6796,10.0563,-84.3961
54.7047,11.1059,-84.4099
54.7297,12.5053,-84.464
54.7547,14.043,-84.4451
54.7797,16.0713,-84.4789
54.8047,18.0913,-84.4893
54.8298,20.468,-84.4804
54.8548,23.1141,-84.3497
54.8798,25.9661,-84.0407
54.9048,28.8819,-83.8844
54.9299,31.9563,-83.3138
54.9549,34.8991,-83.2036
54.9799,37.9867,-83.0228
55.005,41.0118,-82.5918
55.03,43.6644,-82.293
55.055,46.4089,-81.9342
55.08,48.8023,-81.3758
55.105,51.1582,-81.2994
55.1301,53.2418,-80.8122
55.1551,55.092,-80.7219
55.1801,56.4127,-80.4353
55.2052,57.4918,-80.44
55.2302,58.2945,-80.224
55.2552,58.5631,-80.0426
55.2802,58.443,-80.0087
55.3053,58.2639,-79.9484
55.3303,57.3339,-79.9728
55.3553,56.2528,-80.0326
55.3803,54.7513,-80.3774
55.4053,53.1273,-80.7261
55.4304,51.0208,-81.2459
55.4554,48.5302,-81.6215
55.4804,45.9524,-82.1027
55.5054,43.1177,-82.4459
55.5305,40.1093,-82.9847
55.5555,37.1093,-83.2293
55.5805,34.0559,-83.4523
55.6056,30.9397,-83.8696
55.6306,27.8944,-84.0263
55.6556,24.9216,-84.0928
55.6806,21.9709,-84.6224
55.7056,19.0803,-84.6181
55.7307,16.8298,-84.6197
55.7557,14.4192,-84.6363
55.7807,12.4189,-84.6752
55.8058,10.8937,-84.5622
55.8308,9.37803,-84.6858
55.8558,8.18586,-84.5557
55.8808,7.91817,-84.4735
55.9059,7.87703,-84.4318
55.9309,8.01069,-84.3954
55.9559,8.24023,-84.4026
55.9809,9.25372,-84.3891
56.0059,10.8947,-84.3881
56.031,12.196,-84.4192
56.056,14.1018,-84.4209
56.081,16.3146,-84.4394
56.106,18.9599,-84.4587
56.1311,21.3304,-84.4344
56.1561,24.1619,-84.4628
56.1811,27.1186,-83.9447
56.2062,30.0885,-83.8847
56.2312,33.2235,-83.3565
56.2562,36.1351,-83.1842
56.2812,39.0969,-82.9628
56.3062,42.1419,-82.4945
56.3313,44.7128,-82.1153
56.3563,47.3927,-81.9371
56.3813,49.5337,-81.5738
56.4064,51.3179,-81.3876
56.4314,53.2615,-80.8857
56.4564,54.9565,-80.7134
56.4814,56.0296,-80.538
56.5065,57.0773,-80.4807
56.5315,57.2528,-80.4761
56.5565,57.283,-80.6353
56.5815,57.1945,-80.7405
56.6065,56.8529,-80.7488
56.6316,55.8179,-80.8713
56.6566,54.4845,-80.9201
56.6816,52.9161,-81.2741
56.7066,51.2065,-81.6485
56.7317,49.1407,-82.074
56.7567,47.0183,-82.2355
56.7817,44.3746,-82.6641
56.8068,41.8746,-82.8402
56.8318,39.1078,-83.2145
56.8568,36.2594,-83.3706
56.8818,33.2311,-83.8952
56.9068,30.5758,-84.0859
56.9319,27.9476,-84.1681
56.9569,25.0818,-84.1685
56.9819,22.4662,-84.6095
57.007,19.9866,-84.5976
57.032,17.9387,-84.6914
57.057,16.0523,-84.6624
57.082,14.1266,-84.747
57.1071,12.6192,-84.6542
57.1321,11.5012,-84.7174
57.1571,10.3009,-84.8147
57.1821,9.85968,-84.5437
57.2071,9.67115,-84.4507
57.2322,9.77332,-84.4308
57.2572,10.0403,-84.4172
57.2822,10.9394,-84.436
57.3072,12.0484,-84.4272
57.3323,13.1713,-84.4667
57.3573,14.8786,-84.4735
57.3823,16.906,-84.4609
57.4074,18.9468,-84.518
57.4324,21.1885,-84.5488
57.4574,24.0153,-84.1813
57.4824,26.5188,-84.0209
57.5074,29.1939,-83.846
57.5325,32.133,-83.3898
57.5575,35.0791,-83.1312
57.5825,38.0584,-83.0312
57.6076,40.9916,-82.5912
57.6326,43.5479,-82.2962
57.6576,46.2682,-81.8733
57.6826,48.4706,-81.535
57.7077,50.5231,-81.4437
57.7327,52.5976,-80.9226
57.7577,54.2127,-80.6818
57.7827,55.6615,-80.6093
57.8077,56.6027,-80.5442
57.8328,57.2648,-80.2068
57.8578,57.3598,-80.0248
57.8828,57.3459,-79.9414
57.9078,57.218,-79.8991
57.9329,56.2831,-80.0155
57.9579,55.2102,-80.0565
57.9829,53.4953,-80.5806
58.008,52.0029,-80.6469
58.033,49.618,-81.3466
58.058,47.2021,-81.5617
58.083,45.0637,-81.9214
58.108,42.0698,-82.1864
58.1331,39.2611,-82.599
58.1581,36.1825,-82.9631
58.1831,33.1722,-83.1767
58.2082,30.1913,-83.4209
58.2332,27.1425,-83.7421
58.2582,24.1985,-83.8425
58.2832,21.4359,-84.1547
58.3083,18.9948,-83.9169
58.3333,16.4641,-84.3492
58.3583,14.2952,-84.4572
58.3833,12.2888,-84.472
58.4083,10.9291,-84.3924
58.4334,9.81001,-84.391
58.4584,8.98581,-84.4683
58.4834,8.22746,-84.4065
58.5084,8.14332,-84.357
58.5335,8.18593,-84.364
58.5585,8.74954,-84.3305
58.5835,9.97171,-84.373
58.6086,11.1229,-84.3835
58.6336,12.7805,-84.3813
58.6586,14.397,-84.4479
58.6836,16.6289,-84.3502
58.7086,18.9282,-84.402
58.7337,21.413,-84.4368
58.7587,24.1786,-84.1528
58.7837,26.8981,-83.8775
58.8088,29.6389,-83.5937
58.8338,32.8023,-83.2222
58.8588,35.7351,-83.0364
58.8838,38.3474,-83.0088
58.9089,41.1011,-82.5226
58.9339,43.7386,-82.2645
58.9589,46.1909,-81.8364
58.9839,48.3142,-81.4946
59.0089,50.1778,-81.4747
59.034,52.1546,-80.8621
59.059,53.4206,-80.7814
59.084,54.3497,-80.7101
59.109,55.1696,-80.5765
59.1341,55.7696,-80.576
59.1591,56.0594,-80.6496
59.1841,55.9689,-80.697
59.2092,55.3509,-80.733
59.2342,54.3651,-80.8054
59.2592,53.261,-80.814
59.2842,52.0221,-81.0707
59.3092,50.221,-81.3344
59.3343,48.1943,-81.6821
59.3593,46.1808,-81.908
59.3843,43.9109,-82.3252
59.4094,41.3252,-82.4406
59.4344,38.6279,-83.1489
59.4594,36.0533,-83.1625
59.4844,33.1786,-83.6179
59.5095,30.2893,-83.975
59.5345,27.9741,-84.057
59.5595,25.126,-84.1213
59.5845,22.7915,-84.5339
59.6095,20.6623,-84.606
59.6346,18.2645,-84.6974
59.6596,16.267,-84.6858
59.6846,14.4532,-84.8045
59.7096,12.978,-84.5949
59.7347,11.8392,-84.5776
59.7597,10.8052,-84.5359
59.7847,10.1872,-84.5362
59.8098,10.0752,-84.4779
59.8348,10.0412,-84.4504
59.8598,10.1184,-84.4303
59.8848,11.0415,-84.4311
59.9098,12.0802,-84.4297
59.9349,13.1728,-84.4609
59.9599,14.8699,-84.4462
59.9849,16.8534,-84.4797
60.01,18.8368,-84.4835
60.035,21.1149,-84.4915
60.06,23.8772,-84.2722
60.085,26.179,-83.9307
60.1101,29.062,-83.8292
60.1351,31.9896,-83.4482
60.1601,34.8919,-83.1207
60.1851,37.5458,-83.0851
60.2101,40.3074,-82.6314
60.2352,42.9788,-82.2556
60.2602,45.3203,-82.0171
60.2852,47.8193,-81.556
60.3103,49.9159,-81.4244
60.3353,52.0836,-80.9745
60.3603,53.4565,-80.8156
60.3853,55.0008,-80.6087
60.4104,55.6506,-80.6964
60.4354,56.3316,-80.5757
60.4604,56.3895,-80.6412
60.4854,56.358,-80.6725
60.5104,56.1314,-80.6983
60.5355,55.2506,-80.8127
60.5605,54.1785,-80.8077
60.5855,52.7374,-80.9351
60.6106,51.1521,-81.2555
60.6356,49.0823,-81.7935
60.6606,47.0892,-81.8566
60.6856,44.3077,-82.4387
60.7107,41.8083,-82.4444
60.7357,39.0884,-83.0679
60.7607,36.1435,-83.237
60.7857,33.1836,-83.7692
60.8107,30.2595,-83.9746
60.8358,27.7134,-84.1167
60.8608,25.023,-84.2555
60.8858,22.2223,-84.5976
60.9109,19.923,-84.5986
60.9359,17.9119,-84.6561
60.9609,16.0174,-84.6193
60.9859,14.1275,-84.6866
61.011,12.7495,-84.6215
61.036,11.8836,-84.5719
61.061,11.0299,-84.6002
61.086,10.6914,-84.5067
61.111,10.6281,-84.475
61.1361,10.9657,-84.4704
61.1611,11.2021,-84.4729
61.1861,12.1891,-84.458
61.2112,13.3778,-84.5066
61.2362,14.9485,-84.4849
61.2612,16.3604,-84.5285
61.2862,18.2874,-84.5203
61.3113,20.244,-84.5373
61.3363,22.8785,-84.4588
61.3613,25.3548,-84.3127
61.3863,27.9857,-83.9466
61.4113,30.2739,-83.8375
61.4364,33.2289,-83.42
61.4614,36.0861,-83.1694
61.4864,38.4408,-83.0857
61.5114,41.1083,-82.623
61.5365,43.3537,-82.3946
61.5615,45.5733,-82.2193
61.5865,47.887,-81.5879
61.6116,49.604,-81.6439
61.6366,51.2026,-81.1855
61.6616,52.8348,-80.9342
61.6866,53.9526,-80.7842
61.7116,54.4592,-80.803
61.7367,55.1654,-80.7408
61.7617,55.2276,-80.7475
61.7867,55.1945,-80.742
61.8118,54.96,-80.7327
61.8368,54.1365,-80.814
61.8618,53.0536,-80.8131
61.8868,51.448,-81.2409
61.9119,50.0545,-81.5287
61.9369,48.1362,-81.7299
61.9619,46.1933,-82.0419
61.9869,44.0607,-82.441
62.0119,41.4264,-82.6078
62.037,39.0674,-83.1349
62.062,36.4018,-83.2984
62.087,33.8957,-83.5843
62.112,31.097,-83.7387
62.1371,28.7561,-83.9685
62.1621,26.2073,-84.1127
62.1871,23.9381,-84.2783
62.2122,21.3236,-84.5067
62.2372,19.1759,-84.6034
62.2622,17.258,-84.6233
62.2872,15.5079,-84.6753
62.3122,14.0215,-84.5845
62.3373,12.9899,-84.5592
62.3623,11.9596,-84.5378
62.3873,11.2204,-84.5374
62.4124,11.1024,-84.4778
62.4374,11.0766,-84.4466
62.4624,11.1239,-84.4526
62.4874,12.0732,-84.4583
62.5125,13.0962,-84.4837
62.5375,14.1659,-84.4769
62.5625,15.8465,-84.4773
62.5875,17.6665,-84.4653
62.6125,19.6826,-84.5243
62.6376,22.0469,-84.5314
62.6626,24.4075,-84.4951
62.6876,27.0085,-84.032
62.7126,29.8502,-83.9846
62.7377,32.2506,-83.7526
62.7627,35.1942,-83.3449
62.7877,37.9477,-83.1527
62.8128,40.451,-83.1558
62.8378,43.0144,-82.5149
62.8628,45.2737,-82.4068
62.8878,47.7815,-81.7222
62.9128,49.8635,-81.6214
62.9379,51.5284,-81.5343
62.9629,53.161,-81.0738
62.9879,54.263,-80.7926
63.013,55.1972,-80.7811
63.038,55.8367,-80.6382
63.063,56.1146,-80.694
63.088,56.1351,-80.7348
63.1131,55.5059,-80.7976
63.1381,54.5554,-80.8797
63.1631,53.3364,-80.8567
63.1881,52.0229,-81.1865
63.2131,50.2689,-81.5743
63.2382,48.2106,-81.7808
63.2632,46.2072,-82.1482
63.2882,43.9602,-82.4659
63.3132,41.2571,-82.7571
63.3383,38.7432,-83.105
63.3633,36.1412,-83.2825
63.3883,33.1908,-83.7239
63.4134,30.5152,-84.0673
63.4384,28.0387,-84.0774
63.4634,25.2323,-84.1501
63.4884,22.9233,-84.5134
63.5134,20.9046,-84.6345
63.5385,18.6499,-84.6825
63.5635,17.0417,-84.664
63.5885,15.2377,-84.7168
63.6136,13.9662,-84.6689
63.6386,13.0437,-84.5781
63.6636,12.2673,-84.6008
63.6886,11.8786,-84.5229
63.7137,11.9111,-84.4948
63.7387,12.0282,-84.4792
63.7637,12.21,-84.5028
63.7887,13.1963,-84.5011
63.8137,14.2745,-84.5135
63.8388,15.8769,-84.507
63.8638,17.2072,-84.5538
63.8888,19.1561,-84.554
63.9138,21.0383,-84.5731
63.9389,23.244,-84.4997
63.9639,25.332,-84.5572
63.9889,28.0778,-84.0814
64.0139,30.6909,-83.9871
64.039,33.1584,-83.7093
64.064,35.8948,-83.3469
64.089,38.2546,-83.1726
64.1141,40.7164,-82.9709
64.1391,43.1355,-82.5842
64.1641,45.1836,-82.46
64.1891,47.3044,-81.9936
64.2142,49.1362,-81.6709
64.2392,50.8616,-81.4897
64.2642,52.2359,-81.4917
64.2892,53.2103,-81.1316
64.3143,54.0244,-80.9173
64.3393,54.3842,-80.8069
64.3643,54.4399,-80.8308
64.3893,54.3292,-80.7911
64.4143,54.2022,-80.7785
64.4394,53.2402,-80.8032
64.4644,52.2327,-80.8266
64.4894,51.0957,-81.1196
64.5144,49.4019,-81.3919
64.5395,47.7016,-81.5595
64.5645,46.0816,-81.7537
64.5895,43.7095,-82.1635
64.6145,41.3486,-82.4813
64.6396,39.179,-82.6367
64.6646,36.6333,-83.0838
64.6896,34.0773,-83.1646
64.7147,31.7962,-83.3043
64.7397,29.0587,-83.6835
64.7647,26.6883,-83.9062
64.7897,24.2819,-83.9774
64.8148,22.2018,-83.9884
64.8398,20.0482,-84.035
64.8648,18.1836,-84.0364
64.8898,16.2451,-84.2279
64.9149,14.9562,-84.3293
64.9399,14.0031,-84.4206
64.9649,13.0758,-84.4712
64.9899,12.2886,-84.4563
65.0149,12.1311,-84.4398
65.04,12.1034,-84.4355
65.065,12.2175,-84.4547
65.09,13.0934,-84.4594
65.115,14.0995,-84.4789
65.1401,15.1818,-84.4766
65.1651,16.7999,-84.4925
65.1901,18.6309,-84.4006
65.2151,20.5446,-84.5863
65.2402,22.8353,-84.3875
65.2652,25.1045,-84.1055
65.2902,27.6217,-83.9553
65.3153,30.2087,-83.9256
65.3403,33.0022,-83.3635
65.3653,35.3812,-83.2321
65.3903,38.0911,-83.0311
65.4154,40.4393,-82.8771
65.4404,43.0448,-82.4367
65.4654,45.1818,-82.3571
65.4904,47.3631,-81.7858
65.5155,49.1861,-81.5903
65.5405,50.9969,-81.4011
65.5655,52.3078,-81.3176
65.5905,53.3032,-81.1844
65.6155,54.1374,-80.8605
65.6406,54.7561,-80.7852
