0,0.237286,-0.00827146
0.025025,0.237285,-0.00729289
0.05005,0.237275,-0.00633336
0.075075,0.23728,-0.00527497
0.1001,0.23726,-0.00442091
0.125125,0.237257,-0.00358964
0.15015,0.237248,-0.00258843
0.175175,0.237243,-0.00189515
0.2002,0.237224,-0.00124362
0.225225,0.237206,-0.000588565
0.25025,0.237189,-2.19041e-05
0.275275,0.23718,0.000205806
0.3003,0.237143,0.000719503
0.325325,0.237125,0.000925125
0.35035,0.237075,0.00121945
0.375375,0.237054,0.00125689
0.4004,0.237052,0.0012801
0.425425,0.237023,0.00125685
0.45045,0.236994,0.000939409
0.475475,0.237047,0.00069306
0.5005,0.237031,0.00032681
0.525525,0.237089,2.89538e-05
0.55055,0.23713,-0.000569217
0.575575,0.23716,-0.001214
0.6006,0.237186,-0.00184419
0.625625,0.237205,-0.00249751
0.65065,0.23722,-0.00316899
0.675675,0.237243,-0.00390398
0.7007,0.237244,-0.00465019
0.725725,0.237263,-0.00567024
0.75075,0.237268,-0.00639166
0.775775,0.237282,-0.00721356
0.8008,0.237281,-0.00820522
0.825825,0.237286,-0.00896287
0.85085,0.237281,-0.0096706
0.875875,0.237272,-0.0105927
0.9009,0.237255,-0.0112607
0.925925,0.237241,-0.011994
0.95095,0.237205,-0.0123695
0.975975,0.237179,-0.0128135
1.001,0.237116,-0.0133699
1.02602,0.237138,-0.0135297
1.05105,0.237018,-0.0139615
1.07607,0.237025,-0.0139872
1.1011,0.236941,-0.013988
1.12613,0.236932,-0.0139108
1.15115,0.236909,-0.0134868
1.17617,0.236907,-0.0132918
1.2012,0.23693,-0.0127149
1.22622,0.236975,-0.0120586
1.25125,0.236962,-0.0114539
1.27628,0.236992,-0.0105476
1.3013,0.237114,-0.00967265
1.32632,0.23713,-0.00882521
1.35135,0.237153,-0.00774645
1.37637,0.237155,-0.00687796
1.4014,0.237194,-0.00574006
1.42643,0.237198,-0.00462989
1.45145,0.237202,-0.00373335
1.47647,0.23719,-0.0026006
1.5015,0.237216,-0.00179717
1.52652,0.237205,-0.000689162
1.55155,0.237199,-3.20239e-06
1.57658,0.23721,0.000689027
1.6016,0.237192,0.00130893
1.62662,0.237207,0.00182587
1.65165,0.237188,0.00204998
1.67667,0.23719,0.00239534
1.7017,0.237195,0.00248932
1.72673,0.237197,0.00247911
1.75175,0.237205,0.0020412
1.77677,0.237204,0.00191917
1.8018,0.237202,0.00134435
1.82682,0.237208,0.000715059
1.85185,0.237206,7.6759e-05
1.87688,0.237225,-0.000670638
1.9019,0.237222,-0.00164037
1.92692,0.23723,-0.00250845
1.95195,0.237231,-0.00347766
1.97697,0.237239,-0.00444041
2.002,0.237224,-0.00560637
2.02703,0.237232,-0.00645072
2.05205,0.237216,-0.00760584
2.07707,0.237183,-0.00859451
2.1021,0.237172,-0.00952943
2.12712,0.237137,-0.0103642
2.15215,0.237062,-0.0112526
2.17718,0.237064,-0.0119843
2.2022,0.236935,-0.0125195
2.22722,0.236922,-0.0128646
2.25225,0.236912,-0.0134112
2.27727,0.236902,-0.013555
2.3023,0.236907,-0.0138093
2.32733,0.236923,-0.0138645
2.35235,0.236958,-0.0137881
2.37737,0.236953,-0.0135639
2.4024,0.237005,-0.0132985
2.42742,0.237082,-0.0128992
2.45245,0.23714,-0.0123472
2.47748,0.23719,-0.0119712
2.5025,0.237237,-0.0113208
2.52752,0.237226,-0.0104872
2.55255,0.237261,-0.00968216
2.57757,0.237263,-0.0089277
2.6026,0.237268,-0.0082274
2.62763,0.23727,-0.00729664
2.65265,0.237262,-0.00641966
2.67767,0.237256,-0.00570527
2.7027,0.237259,-0.00497156
2.72772,0.237249,-0.00394433
2.75275,0.237243,-0.00329117
2.77778,0.23722,-0.00252582
2.8028,0.237212,-0.00196364
2.82782,0.237209,-0.00126092
2.85285,0.237206,-0.000795031
2.87787,0.237195,-1.2156e-05
2.9029,0.237203,0.00055017
2.92793,0.237178,0.00123551
2.95295,0.237149,0.00136616
2.97797,0.237128,0.00138359
3.003,0.237032,0.00130826
3.02802,0.237039,0.0012366
3.05305,0.237044,0.00126532
3.07808,0.237016,0.00197127
3.1031,0.236902,0.00321037
3.12812,0.236917,0.00442969
3.15315,0.236859,0.00571905
3.17817,0.236778,0.00719539
3.2032,0.236579,0.00892187
3.22823,0.236407,0.0103641
3.25325,0.235863,0.011462
3.27827,0.235564,0.0118831
3.3033,0.235119,0.0121211
3.32832,0.23453,0.011585
3.35335,0.233888,0.010468
3.37838,0.233169,0.00898412
3.4034,0.232171,0.0071947
3.42842,0.231339,0.00548796
3.45345,0.23027,0.00386596
3.47847,0.229336,0.00223778
3.5035,0.22821,0.00078709
3.52853,0.227059,-0.000450438
3.55355,0.226153,-0.00141854
3.57857,0.225254,-0.00243012
3.6036,0.224649,-0.0035331
3.62862,0.224106,-0.00470469
3.65365,0.223734,-0.00583278
3.67868,0.223406,-0.006538
3.7037,0.22313,-0.00718949
3.72872,0.222746,-0.00776956
3.75375,0.222441,-0.00840004
3.77877,0.222112,-0.0085497
3.8038,0.221755,-0.00870349
3.82883,0.221211,-0.0086665
3.85385,0.220624,-0.00860658
3.87887,0.219983,-0.00864584
3.9039,0.219535,-0.00860149
3.92893,0.219179,-0.00870365
3.95395,0.21876,-0.0086825
3.97898,0.218607,-0.00871068
4.004,0.218297,-0.00855918
4.02902,0.218208,-0.00854942
4.05405,0.218091,-0.00866129
4.07907,0.218104,-0.00901913
4.1041,0.218179,-0.0094926
4.12913,0.218205,-0.00984208
4.15415,0.218321,-0.0103761
4.17917,0.218386,-0.0107554
4.2042,0.218591,-0.0111987
4.22922,0.218777,-0.011619
4.25425,0.218877,-0.0119142
4.27928,0.218923,-0.0120349
4.3043,0.218932,-0.0120485
4.32932,0.218894,-0.0121736
4.35435,0.218847,-0.0125326
4.37937,0.218931,-0.0128916
4.4044,0.219128,-0.0132509
4.42943,0.219338,-0.0133325
4.45445,0.219756,-0.0131465
4.47947,0.220687,-0.0124479
4.5045,0.222364,-0.0112448
4.52952,0.224498,-0.00952221
4.55455,0.227041,-0.00726271
4.57958,0.229813,-0.00468379
4.6046,0.232499,-0.00197397
4.62962,0.23468,0.000946517
4.65465,0.236462,0.00391213
4.67967,0.237278,0.00676875
4.7047,0.237209,0.00921802
4.72973,0.236583,0.0114891
4.75475,0.235369,0.0129366
4.77977,0.233828,0.0140651
4.8048,0.232059,0.014577
4.82982,0.230643,0.0144782
4.85485,0.229479,0.0135345
4.87988,0.228913,0.0120832
4.9049,0.228871,0.00976452
4.92992,0.229516,0.00688635
4.95495,0.230656,0.00316053
4.97997,0.232076,-0.0012507
5.005,0.233531,-0.00613946
5.03003,0.234892,-0.0113591
5.05505,0.236023,-0.0165753
5.08007,0.236339,-0.0217172
5.1051,0.23615,-0.0268652
5.13012,0.23503,-0.0314131
5.15515,0.233541,-0.0353653
5.18018,0.231274,-0.0389098
5.2052,0.229097,-0.0414792
5.23022,0.226805,-0.0430288
5.25525,0.224838,-0.0439635
5.28027,0.223409,-0.0440355
5.3053,0.222431,-0.0430311
5.33033,0.222337,-0.0411188
5.35535,0.223021,-0.0383469
5.38037,0.224533,-0.034709
5.4054,0.226407,-0.0302826
5.43042,0.228573,-0.0251496
5.45545,0.23104,-0.0194183
5.48048,0.233279,-0.0129283
5.5055,0.235258,-0.00638737
5.53052,0.236641,0.000292689
5.55555,0.237195,0.00696758
5.58057,0.237118,0.0134385
5.6056,0.236364,0.0193469
5.63063,0.235068,0.0248942
5.65565,0.233726,0.0291223
5.68067,0.23223,0.0329235
5.7057,0.230838,0.0356581
5.73072,0.229858,0.0372736
5.75575,0.2295,0.038068
5.78078,0.229713,0.0378644
5.8058,0.230424,0.0365903
5.83082,0.231621,0.0341662
5.85585,0.233056,0.0309294
5.88087,0.234425,0.0267828
5.9059,0.235842,0.0217628
5.93093,0.236977,0.0161497
5.95595,0.237186,0.0100944
5.98097,0.236971,0.00356756
6.006,0.23596,-0.00306753
6.03102,0.234203,-0.0096286
6.05605,0.232235,-0.0158889
6.08108,0.229984,-0.0217445
6.1061,0.227777,-0.0269624
6.13112,0.225841,-0.0316746
6.15615,0.224213,-0.0355963
6.18117,0.223353,-0.0386892
6.2062,0.223095,-0.0409705
6.23123,0.223683,-0.042268
6.25625,0.224854,-0.0426966
6.28127,0.226622,-0.0421914
6.3063,0.228659,-0.0409762
6.33132,0.230881,-0.038711
6.35635,0.232969,-0.0359076
6.38138,0.234717,-0.0321764
6.4064,0.235727,-0.0281951
6.43142,0.236421,-0.0232573
6.45645,0.236222,-0.0187645
6.48147,0.235504,-0.013945
6.5065,0.234589,-0.00900928
6.53153,0.233332,-0.00441656
6.55655,0.231977,-0.000189304
6.58157,0.230812,0.0035057
6.6066,0.230155,0.0064652
6.63162,0.230049,0.00895878
6.65665,0.23024,0.0108651
6.68168,0.231184,0.0120868
6.7067,0.232384,0.0124193
6.73172,0.233823,0.012267
6.75675,0.235204,0.0114673
6.78177,0.236422,0.0101234
6.8068,0.237238,0.00823049
6.83183,0.237519,0.00599811
6.85685,0.237027,0.00380729
6.88187,0.235734,0.00124995
6.9069,0.233979,-0.00125586
6.93192,0.231842,-0.00359577
6.95695,0.229481,-0.00574565
6.98198,0.227205,-0.00764317
7.007,0.225248,-0.00906607
7.03202,0.223851,-0.0102476
7.05705,0.222926,-0.0109648
7.08207,0.222722,-0.0110861
7.1071,0.223321,-0.0106808
7.13213,0.224545,-0.00984225
7.15715,0.226349,-0.00853458
7.18217,0.228448,-0.00691699
7.2072,0.230838,-0.00506231
7.23222,0.232866,-0.00299438
7.25725,0.234892,-0.00047883
7.28228,0.236504,0.00205705
7.3073,0.237234,0.00446177
7.33232,0.23737,0.00648908
7.35735,0.236743,0.0082858
7.38237,0.235917,0.00967886
7.4074,0.234619,0.0108249
7.43243,0.233308,0.0110719
7.45745,0.232011,0.0108756
7.48247,0.231024,0.0101064
7.5075,0.230578,0.00851617
7.53252,0.230491,0.0064788
7.55755,0.230888,0.00373046
7.58258,0.231846,0.000445075
7.6076,0.23285,-0.00341479
7.63262,0.234092,-0.00761605
7.65765,0.235277,-0.0122107
7.68267,0.23612,-0.0170062
7.7077,0.236336,-0.0213931
7.73273,0.236208,-0.0259193
7.75775,0.235443,-0.0300485
7.78277,0.23384,-0.033682
7.8078,0.23227,-0.036488
7.83282,0.230372,-0.0385644
7.85785,0.228411,-0.0400035
7.88288,0.226769,-0.0405775
7.9079,0.225466,-0.0404516
7.93293,0.224798,-0.0395021
7.95795,0.224689,-0.0374727
7.98297,0.225312,-0.0347077
8.008,0.226435,-0.0312282
8.03303,0.227961,-0.026901
8.05805,0.229888,-0.0219828
8.08307,0.232038,-0.0165099
8.1081,0.233953,-0.010718
8.13312,0.235411,-0.00469002
8.15815,0.236577,0.00160668
8.18318,0.237142,0.00771533
8.2082,0.237123,0.0136061
8.23322,0.236569,0.0189942
8.25825,0.235547,0.0240676
8.28327,0.234391,0.0277787
8.3083,0.23308,0.0312589
8.33333,0.231996,0.0335071
8.35835,0.23123,0.0349823
8.38338,0.231068,0.0353488
8.4084,0.231128,0.0350215
8.43342,0.231811,0.0334508
8.45845,0.232921,0.0312562
8.48348,0.233993,0.027864
8.5085,0.23523,0.0240397
8.53353,0.236317,0.0191598
8.55855,0.237111,0.0135486
8.58357,0.237243,0.00783768
8.6086,0.237058,0.00171744
8.63363,0.236028,-0.00441622
8.65865,0.234643,-0.0107123
8.68368,0.232807,-0.0165448
8.7087,0.230869,-0.0218839
8.73372,0.228973,-0.026884
8.75875,0.227294,-0.031244
8.78378,0.226056,-0.0346675
8.8088,0.225377,-0.0376112
8.83383,0.22525,-0.039597
8.85885,0.225659,-0.0406
8.88387,0.226731,-0.040973
8.9089,0.228304,-0.0404038
8.93393,0.230055,-0.0390621
8.95895,0.231953,-0.0369572
8.98398,0.23373,-0.0341404
9.009,0.235031,-0.0306518
9.03402,0.236063,-0.0267797
9.05905,0.236436,-0.0221015
9.08408,0.236241,-0.0178142
9.1091,0.235818,-0.0132337
9.13412,0.234779,-0.00891853
9.15915,0.233911,-0.00447336
9.18417,0.232788,-0.000625775
9.2092,0.232036,0.00281538
9.23423,0.231543,0.00573205
9.25925,0.231448,0.00807598
9.28427,0.231947,0.0097184
9.3093,0.232645,0.010874
9.33432,0.233733,0.011236
9.35935,0.234947,0.0110872
9.38438,0.235941,0.0103407
9.4094,0.236853,0.00945483
9.43442,0.23726,0.00759404
9.45945,0.237299,0.00574575
9.48447,0.236626,0.0037508
9.5095,0.235419,0.00141044
9.53453,0.233913,-0.000606378
9.55955,0.232003,-0.0027077
9.58457,0.230037,-0.00465617
9.6096,0.228181,-0.00626574
9.63462,0.226519,-0.00749362
9.65965,0.225414,-0.00845682
9.68468,0.225005,-0.00899943
9.7097,0.225011,-0.00912926
9.73472,0.225704,-0.00888468
9.75975,0.226924,-0.0079911
9.78477,0.228442,-0.0069539
9.8098,0.230352,-0.00537066
9.83483,0.232261,-0.00374956
9.85985,0.234148,-0.00190083
9.88487,0.235888,4.42983e-05
9.9099,0.236899,0.00207416
9.93492,0.237293,0.00396199
9.95995,0.237366,0.00555032
9.98498,0.236836,0.00724539
10.01,0.235913,0.00792398
10.035,0.234929,0.00844401
10.0601,0.233768,0.00849979
10.0851,0.232726,0.00797492
10.1101,0.23206,0.00691367
10.1351,0.231848,0.00520558
10.1601,0.23192,0.0030117
10.1852,0.232376,0.000168934
10.2102,0.233275,-0.0030821
10.2352,0.23412,-0.00673545
10.2602,0.235027,-0.0107487
10.2853,0.235945,-0.0147594
10.3103,0.236273,-0.0190244
10.3353,0.236438,-0.0229824
10.3604,0.236071,-0.0268979
10.3854,0.23505,-0.0302572
10.4104,0.233732,-0.0332797
10.4354,0.232202,-0.0354217
10.4604,0.230525,-0.0371268
10.4855,0.229017,-0.0379166
10.5105,0.22779,-0.0379669
10.5355,0.226798,-0.0372919
10.5605,0.226561,-0.0359058
10.5856,0.226664,-0.0335155
10.6106,0.227374,-0.0306132
10.6356,0.228617,-0.0269202
10.6607,0.230158,-0.0224923
10.6857,0.231839,-0.0177198
10.7107,0.233561,-0.0123097
10.7357,0.23525,-0.00677558
10.7607,0.236144,-0.00112562
10.7858,0.237106,0.00464632
10.8108,0.237165,0.0102799
10.8358,0.237077,0.0154212
10.8608,0.236394,0.0201553
10.8859,0.235445,0.0246855
10.9109,0.234413,0.0277048
10.9359,0.233572,0.0302268
10.961,0.232775,0.0320876
10.986,0.23237,0.032866
11.011,0.232345,0.0327733
11.036,0.232518,0.0319844
11.061,0.233312,0.0301165
11.0861,0.234309,0.0274309
11.1111,0.235218,0.0239862
11.1361,0.23631,0.0198727
11.1611,0.237036,0.0147546
11.1862,0.237215,0.00960961
11.2112,0.237198,0.00393361
11.2362,0.236581,-0.00183904
11.2613,0.235498,-0.00764852
11.2863,0.23412,-0.0131893
11.3113,0.232448,-0.0185631
11.3363,0.23086,-0.0234871
11.3613,0.229285,-0.027683
11.3864,0.228073,-0.0314451
11.4114,0.227321,-0.0345237
11.4364,0.22702,-0.0366629
11.4614,0.227256,-0.0380752
11.4865,0.227945,-0.0386729
11.5115,0.229084,-0.0386404
11.5365,0.230493,-0.0378488
11.5616,0.231925,-0.0362518
11.5866,0.23368,-0.0339062
11.6116,0.234923,-0.0308663
11.6366,0.235779,-0.0275014
11.6616,0.23634,-0.0237021
11.6867,0.236456,-0.0195322
11.7117,0.236157,-0.0153499
11.7367,0.235531,-0.0113342
11.7617,0.234791,-0.00719199
11.7868,0.234003,-0.00336029
11.8118,0.23334,-1.04371e-05
11.8368,0.232821,0.00292689
11.8619,0.232703,0.00532325
11.8869,0.232767,0.00723814
11.9119,0.233352,0.00859239
11.9369,0.234204,0.00945265
11.9619,0.235189,0.00960758
11.987,0.236096,0.00920217
12.012,0.236879,0.00870473
12.037,0.237415,0.0072578
12.062,0.237355,0.00584465
12.0871,0.237148,0.00398453
12.1121,0.236056,0.00234368
12.1371,0.234792,0.000564144
12.1622,0.233294,-0.0012804
12.1872,0.231484,-0.00313427
12.2122,0.229884,-0.00448989
12.2372,0.228516,-0.00564013
12.2622,0.227449,-0.006537
12.2873,0.226858,-0.00719585
12.3123,0.226635,-0.00730103
12.3373,0.227166,-0.00717502
12.3623,0.228041,-0.0066873
12.3874,0.229215,-0.00577871
12.4124,0.230885,-0.00459049
12.4374,0.232708,-0.00328218
12.4625,0.234125,-0.00184018
12.4875,0.235516,-3.43712e-05
12.5125,0.23665,0.0015316
12.5375,0.237239,0.00319515
12.5625,0.23745,0.0045409
12.5876,0.237143,0.00587763
12.6126,0.236525,0.00653635
12.6376,0.235739,0.00701401
12.6626,0.234677,0.00702192
12.6877,0.233916,0.00639406
12.7127,0.233316,0.00531871
12.7377,0.232973,0.00380329
12.7628,0.232834,0.00183632
12.7878,0.233316,-0.000779383
12.8128,0.233898,-0.00374905
12.8378,0.234636,-0.00714104
12.8628,0.235344,-0.0107954
12.8879,0.236082,-0.0146128
12.9129,0.236423,-0.0183752
12.9379,0.236608,-0.0220293
12.9629,0.236209,-0.0256314
12.988,0.235512,-0.0287864
13.013,0.234349,-0.0314563
13.038,0.23304,-0.0336965
13.0631,0.231751,-0.0352213
13.0881,0.230473,-0.0360077
13.1131,0.22927,-0.0360687
13.1381,0.228538,-0.0354978
13.1631,0.228049,-0.0341554
13.1882,0.228129,-0.0321494
13.2132,0.22872,-0.0293233
13.2382,0.229747,-0.0257586
13.2632,0.231019,-0.0218881
13.2883,0.232441,-0.0173598
13.3133,0.233929,-0.0125733
13.3383,0.235253,-0.00720622
13.3634,0.236264,-0.00189653
13.3884,0.237064,0.00348295
13.4134,0.237203,0.00854141
13.4384,0.237139,0.01358
13.4634,0.236694,0.018031
13.4885,0.235872,0.0222542
13.5135,0.235104,0.0254608
13.5385,0.234359,0.0277257
13.5635,0.233739,0.0295572
13.5886,0.233456,0.0306571
13.6136,0.233308,0.0306482
13.6386,0.233645,0.029919
13.6637,0.234153,0.0282292
13.6887,0.234901,0.0257807
13.7137,0.23561,0.0229285
13.7387,0.236557,0.0187805
13.7637,0.237041,0.014428
13.7888,0.237208,0.00964643
13.8138,0.237233,0.00445638
13.8388,0.236641,-0.00114967
13.8638,0.235951,-0.00632512
13.8889,0.234751,-0.0115008
13.9139,0.233418,-0.0165526
13.9389,0.231826,-0.021214
13.964,0.230608,-0.0251897
13.989,0.229695,-0.0288508
14.014,0.228881,-0.0318026
14.039,0.228604,-0.0340201
14.064,0.228699,-0.0355108
14.0891,0.229309,-0.0364712
14.1141,0.230239,-0.0365132
14.1391,0.231253,-0.0358635
14.1641,0.23265,-0.0345538
14.1892,0.233814,-0.032642
14.2142,0.234981,-0.0300714
14.2392,0.236024,-0.0269648
14.2643,0.236446,-0.0236374
14.2893,0.236523,-0.0196986
14.3143,0.236327,-0.0161827
14.3393,0.236027,-0.0122729
14.3643,0.235365,-0.00880549
14.3894,0.234716,-0.00512768
14.4144,0.234076,-0.00201229
14.4394,0.23388,0.000711481
14.4644,0.233683,0.00306101
14.4895,0.233848,0.00486412
14.5145,0.234255,0.00626547
14.5395,0.235038,0.00709766
14.5646,0.235799,0.00741332
14.5896,0.236491,0.00725794
14.6146,0.237025,0.00698049
14.6396,0.237435,0.00587393
14.6646,0.23746,0.00470589
14.6897,0.237142,0.00340891
14.7147,0.236221,0.00199104
14.7397,0.235232,0.000584832
14.7647,0.233804,-0.000974374
14.7898,0.232201,-0.00231515
14.8148,0.230889,-0.00336473
14.8398,0.229698,-0.00447304
14.8649,0.228885,-0.0051537
14.8899,0.22837,-0.00562095
14.9149,0.228278,-0.00571855
14.9399,0.228544,-0.00538441
14.9649,0.229496,-0.0049311
14.99,0.230449,-0.00400072
15.015,0.231946,-0.00309199
15.04,0.23341,-0.00193048
15.065,0.234702,-0.000533922
15.0901,0.235895,0.000875056
15.1151,0.236738,0.00232307
15.1401,0.237245,0.00348391
15.1652,0.237517,0.00467771
15.1902,0.237204,0.0057535
15.2152,0.236754,0.00621314
15.2402,0.236005,0.00617597
15.2652,0.235274,0.00588627
15.2903,0.234619,0.00522744
15.3153,0.23414,0.0040235
15.3403,0.23399,0.00247444
15.3653,0.23398,0.000307987
15.3904,0.234089,-0.00222246
15.4154,0.23469,-0.00508207
15.4404,0.23535,-0.00826561
15.4655,0.235858,-0.0117706
15.4905,0.23612,-0.0153857
15.5155,0.236525,-0.0187063
15.5405,0.236386,-0.0224624
15.5655,0.236187,-0.0256655
15.5906,0.235534,-0.0286935
15.6156,0.234545,-0.0309267
15.6406,0.233596,-0.0328341
15.6656,0.232369,-0.0340525
15.6907,0.231182,-0.0346723
15.7157,0.230402,-0.0347122
15.7407,0.229866,-0.0340116
15.7658,0.229609,-0.0326642
15.7908,0.229722,-0.0306753
15.8158,0.230266,-0.0278049
15.8408,0.23108,-0.0243779
15.8659,0.232261,-0.0205566
15.8909,0.233509,-0.0160942
15.9159,0.23472,-0.0115476
15.9409,0.235721,-0.00672856
15.9659,0.236585,-0.00170946
15.991,0.237194,0.00333946
16.016,0.237308,0.00829716
16.041,0.237198,0.0128924
16.0661,0.236828,0.0168932
16.0911,0.23638,0.0208393
16.1161,0.235625,0.0239049
16.1411,0.234939,0.0261475
16.1662,0.23444,0.0275867
16.1912,0.234318,0.028295
16.2162,0.234276,0.0283753
16.2412,0.234385,0.0276574
16.2662,0.234974,0.0262671
16.2913,0.235631,0.0239812
16.3163,0.23627,0.0210916
16.3413,0.236802,0.0171681
16.3664,0.237144,0.0132407
16.3914,0.237269,0.00860065
16.4164,0.237182,0.00391066
16.4414,0.236593,-0.0011118
16.4665,0.235916,-0.00590015
16.4915,0.234822,-0.0108517
16.5165,0.233615,-0.0154113
16.5415,0.23253,-0.019688
16.5665,0.231592,-0.0236352
16.5916,0.230541,-0.0268636
16.6166,0.230146,-0.0295093
16.6416,0.229908,-0.0315813
16.6667,0.230138,-0.0331049
16.6917,0.230667,-0.033949
16.7167,0.231598,-0.033981
16.7417,0.232461,-0.033326
16.7668,0.233658,-0.0321152
16.7918,0.234719,-0.0304957
16.8168,0.235547,-0.0281941
16.8418,0.236225,-0.0255494
16.8668,0.236548,-0.0224149
16.8919,0.236625,-0.0190535
16.9169,0.236397,-0.0159701
16.9419,0.23608,-0.0126199
16.967,0.235461,-0.00944005
16.992,0.234913,-0.00633603
17.017,0.234681,-0.00349764
17.042,0.234544,-0.00112453
17.0671,0.234537,0.00091245
17.0921,0.23464,0.00263254
17.1171,0.235182,0.0038374
17.1421,0.235814,0.00459328
17.1671,0.2364,0.00491318
17.1922,0.236981,0.00504493
17.2172,0.237322,0.0046243
17.2422,0.237515,0.00384585
17.2673,0.237332,0.00291448
17.2923,0.236965,0.00194046
17.3173,0.236019,0.000764466
17.3423,0.235196,-0.00023052
17.3674,0.233978,-0.00133426
17.3924,0.232743,-0.00243904
17.4174,0.231525,-0.00315341
17.4424,0.230678,-0.00379196
17.4674,0.230008,-0.00405249
17.4925,0.229637,-0.00417453
17.5175,0.229631,-0.00401343
17.5425,0.230206,-0.00371545
17.5676,0.230879,-0.00306372
17.5926,0.231949,-0.00202184
17.6176,0.233149,-0.00114401
17.6426,0.234117,-1.20136e-05
17.6677,0.235334,0.00128892
17.6927,0.236433,0.00246891
17.7177,0.237118,0.00372118
17.7427,0.237297,0.00459896
17.7677,0.237512,0.00543666
17.7928,0.237206,0.00621042
17.8178,0.236837,0.00640509
17.8428,0.236394,0.00592524
17.8679,0.235802,0.00542708
17.8929,0.235275,0.00447236
17.9179,0.234781,0.00291244
17.9429,0.234729,0.00112333
17.968,0.234738,-0.00125111
17.993,0.235078,-0.00383994
18.018,0.235398,-0.00692498
18.043,0.235962,-0.0100941
18.068,0.23621,-0.0134097
18.0931,0.236627,-0.0167642
18.1181,0.236676,-0.0199635
18.1431,0.236343,-0.0234419
18.1682,0.236092,-0.0262713
18.1932,0.235364,-0.0288975
18.2182,0.234396,-0.0309356
18.2432,0.233592,-0.0324698
18.2683,0.23248,-0.0334605
18.2933,0.23174,-0.0339146
18.3183,0.231136,-0.0335307
18.3433,0.23076,-0.0327102
18.3683,0.230717,-0.0309821
18.3934,0.231091,-0.0288293
18.4184,0.23166,-0.0260927
18.4434,0.232393,-0.0225315
18.4685,0.233495,-0.0186565
18.4935,0.234396,-0.0145524
18.5185,0.235445,-0.0101049
18.5435,0.236432,-0.00521409
18.5686,0.237078,-0.000539424
18.5936,0.237228,0.00416016
18.6186,0.237275,0.00863699
18.6436,0.23719,0.0128309
18.6686,0.236901,0.0166165
18.6937,0.236338,0.0200962
18.7187,0.235856,0.0227504
18.7437,0.235482,0.0248123
18.7688,0.235044,0.0261009
18.7938,0.234958,0.0264316
18.8188,0.234997,0.0263878
18.8438,0.235212,0.0256445
18.8689,0.235753,0.0239623
18.8939,0.236238,0.0216377
18.9189,0.236645,0.0186278
18.9439,0.237038,0.015258
18.9689,0.237185,0.0111503
18.994,0.237222,0.00702289
19.019,0.237039,0.00260996
19.044,0.236401,-0.00193766
19.0691,0.235535,-0.00649149
19.0941,0.234725,-0.0109025
19.1191,0.233676,-0.0149586
19.1441,0.232867,-0.0187367
19.1692,0.232132,-0.0222938
19.1942,0.23153,-0.0251472
19.2192,0.231156,-0.0275921
19.2442,0.231161,-0.029363
19.2692,0.231632,-0.0304788
19.2943,0.2322,-0.031012
19.3193,0.232962,-0.0312615
19.3443,0.233705,-0.0306863
19.3694,0.234711,-0.0294906
19.3944,0.235507,-0.0278633
19.4194,0.236086,-0.025792
19.4444,0.236519,-0.0235341
19.4695,0.236705,-0.0206565
19.4945,0.236704,-0.0179563
19.5195,0.236285,-0.0152275
19.5445,0.236106,-0.0122687
19.5695,0.235575,-0.00959359
19.5946,0.235357,-0.00696923
19.6196,0.235175,-0.00455379
19.6446,0.235081,-0.00262293
19.6697,0.23527,-0.00106376
19.6947,0.23538,0.000192829
19.7197,0.235915,0.00133367
19.7447,0.236499,0.00189739
19.7698,0.236905,0.00229745
19.7948,0.2372,0.00219776
19.8198,0.237546,0.00188597
19.8448,0.237588,0.00133622
19.8698,0.23721,0.000718637
19.8949,0.23659,2.43498e-05
19.9199,0.235905,-0.000640155
19.9449,0.234825,-0.00137085
19.97,0.233951,-0.00197051
19.995,0.232847,-0.00259239
20.02,0.232054,-0.00294491
20.045,0.231374,-0.00313341
20.07,0.230884,-0.00312604
20.0951,0.230825,-0.00280128
20.1201,0.231025,-0.00232631
20.1451,0.231604,-0.00164642
20.1701,0.23226,-0.000782406
20.1952,0.23332,6.64794e-05
20.2202,0.234203,0.00125655
20.2452,0.235267,0.00226372
20.2703,0.236056,0.00336687
20.2953,0.236609,0.00449967
20.3203,0.237199,0.00529932
20.3453,0.237452,0.00614144
20.3703,0.237439,0.00647793
20.3954,0.237029,0.00702894
20.4204,0.236848,0.00655471
20.4454,0.23644,0.00585828
20.4704,0.235943,0.00495514
20.4955,0.235796,0.00356202
20.5205,0.235448,0.00167066
20.5455,0.235376,-0.000557864
20.5706,0.235546,-0.00305415
20.5956,0.235933,-0.00575726
20.6206,0.236078,-0.00894139
20.6456,0.236483,-0.0121001
20.6706,0.236711,-0.0154243
20.6957,0.236763,-0.0185914
20.7207,0.236682,-0.0219037
20.7457,0.236309,-0.0248482
20.7707,0.235642,-0.027423
20.7958,0.234967,-0.0295054
20.8208,0.234289,-0.0313522
20.8458,0.233467,-0.0325174
20.8709,0.232763,-0.033044
20.8959,0.232169,-0.0331278
20.9209,0.231798,-0.0324858
20.9459,0.231753,-0.0313298
20.9709,0.23182,-0.0293663
20.996,0.232372,-0.0268536
21.021,0.232975,-0.0237932
21.046,0.233802,-0.0204372
21.071,0.234769,-0.0166408
21.0961,0.235501,-0.0125668
21.1211,0.236337,-0.00807793
21.1461,0.236703,-0.00361671
21.1712,0.237243,0.000802003
21.1962,0.237327,0.00518122
21.2212,0.237353,0.00949886
21.2462,0.237158,0.0132357
21.2712,0.236776,0.016608
21.2963,0.236421,0.0194737
21.3213,0.235967,0.0218579
21.3463,0.235741,0.0234712
21.3713,0.235598,0.0244013
21.3964,0.235578,0.024548
21.4214,0.235681,0.0242095
21.4464,0.235829,0.0230814
21.4715,0.236337,0.0212281
21.4965,0.236595,0.018755
21.5215,0.237046,0.0160512
21.5465,0.237118,0.0127713
21.5715,0.237166,0.00902459
21.5966,0.237043,0.0051561
21.6216,0.236582,0.000897995
21.6466,0.23596,-0.00308923
21.6716,0.235335,-0.00707459
21.6967,0.234501,-0.0109828
21.7217,0.233646,-0.0147602
21.7467,0.232992,-0.0180127
21.7718,0.232645,-0.0210788
21.7968,0.232357,-0.0236594
21.8218,0.232316,-0.025563
21.8468,0.232381,-0.0269983
21.8718,0.232938,-0.0279355
21.8969,0.233578,-0.0282717
21.9219,0.234229,-0.0282312
21.9469,0.234921,-0.0275641
21.9719,0.235527,-0.026708
21.997,0.236162,-0.0252895
22.022,0.236377,-0.0234193
22.047,0.236549,-0.0211506
22.0721,0.236693,-0.0189768
22.0971,0.23662,-0.0167951
22.1221,0.236207,-0.0143041
22.1471,0.236044,-0.0120876
22.1721,0.235672,-0.00968982
22.1972,0.235496,-0.00769931
22.2222,0.23541,-0.00578271
22.2472,0.235483,-0.00442882
22.2722,0.235911,-0.00308639
22.2973,0.23602,-0.0019831
22.3223,0.23658,-0.00128605
22.3473,0.236938,-0.000913092
22.3724,0.237312,-0.000549514
22.3974,0.237566,-0.000614133
22.4224,0.23756,-0.000803319
22.4474,0.237307,-0.00117463
22.4724,0.236909,-0.00160834
22.4975,0.236152,-0.00187721
22.5225,0.235412,-0.0023164
22.5475,0.234652,-0.00252368
22.5725,0.233841,-0.00265563
22.5976,0.232962,-0.00271867
22.6226,0.232462,-0.00266477
22.6476,0.232107,-0.00246076
22.6727,0.231936,-0.00192787
22.6977,0.232014,-0.00124653
22.7227,0.232291,-0.000528813
22.7477,0.23293,0.000493722
22.7727,0.233741,0.00138274
22.7978,0.234567,0.00254308
22.8228,0.235306,0.00369997
22.8478,0.236017,0.00461531
22.8728,0.236584,0.00568481
22.8979,0.23717,0.00647262
22.9229,0.237383,0.00707948
22.9479,0.237401,0.00758161
22.973,0.237291,0.00751181
22.998,0.236944,0.00757582
23.023,0.236757,0.00671695
23.048,0.236553,0.00557626
23.073,0.236309,0.004125
23.0981,0.236129,0.00223849
23.1231,0.236032,0.000100718
23.1481,0.236065,-0.00243146
23.1731,0.236331,-0.00506884
23.1982,0.236569,-0.00814648
23.2232,0.236709,-0.0113552
23.2482,0.23676,-0.0145596
23.2733,0.236856,-0.0174777
23.2983,0.23673,-0.0207835
23.3233,0.236333,-0.0237021
23.3483,0.235887,-0.0262687
23.3733,0.235445,-0.0283972
23.3984,0.234673,-0.03029
23.4234,0.234123,-0.0315237
23.4484,0.233484,-0.0323083
23.4734,0.233012,-0.0325437
23.4985,0.23266,-0.0320637
23.5235,0.232522,-0.0309758
23.5485,0.232662,-0.0294145
23.5736,0.233047,-0.0273724
23.5986,0.233643,-0.0245171
23.6236,0.234267,-0.0214896
23.6486,0.235037,-0.0179509
23.6736,0.235864,-0.0141511
23.6987,0.236572,-0.0101571
23.7237,0.236877,-0.00584287
23.7487,0.237232,-0.0017716
23.7737,0.237399,0.00250158
23.7988,0.237514,0.00648581
23.8238,0.237272,0.0101128
23.8488,0.237098,0.0134308
23.8739,0.236684,0.0163724
23.8989,0.236453,0.0187896
23.9239,0.236289,0.0206793
23.9489,0.236042,0.0218665
23.9739,0.235929,0.0224371
23.999,0.235987,0.0222738
24.024,0.236338,0.0215121
24.049,0.236465,0.0201171
24.074,0.236842,0.0183792
24.0991,0.237029,0.016024
24.1241,0.237127,0.0131964
24.1491,0.237131,0.0102207
24.1742,0.23702,0.00663449
24.1992,0.236617,0.00308926
24.2242,0.236073,-0.000617614
24.2492,0.235429,-0.00441195
24.2743,0.234836,-0.00774779
24.2993,0.234232,-0.0113872
24.3243,0.233941,-0.0143707
24.3493,0.233546,-0.0172915
24.3743,0.233138,-0.0197638
24.3994,0.23313,-0.0217173
24.4244,0.23338,-0.0232579
24.4494,0.233611,-0.0244164
24.4745,0.234211,-0.0250722
24.4995,0.234833,-0.0255283
24.5245,0.235303,-0.0251529
24.5495,0.235928,-0.0244992
24.5746,0.236184,-0.0236876
24.5996,0.236596,-0.0223789
24.6246,0.236707,-0.0209024
24.6496,0.236708,-0.0189979
24.6746,0.236681,-0.017274
24.6997,0.236544,-0.0154265
24.7247,0.236156,-0.0135329
24.7497,0.236081,-0.0117859
24.7748,0.23596,-0.010101
24.7998,0.235935,-0.00864084
24.8248,0.235999,-0.00719189
24.8498,0.236043,-0.0062133
24.8749,0.236484,-0.0051494
24.8999,0.23664,-0.00445105
24.9249,0.237123,-0.00386974
24.9499,0.23716,-0.00374873
24.9749,0.237463,-0.00364827
25,0.237452,-0.00351033
25.025,0.237307,-0.00363016
25.05,0.237173,-0.00366427
25.0751,0.23656,-0.00372505
25.1001,0.235882,-0.00372305
25.1251,0.235234,-0.00362844
25.1501,0.234465,-0.00343646
25.1752,0.23392,-0.00312721
25.2002,0.23342,-0.00266732
25.2252,0.232839,-0.00200195
25.2502,0.232799,-0.00124264
25.2752,0.23283,-0.00044877
25.3003,0.233172,0.000597222
25.3253,0.233594,0.00156447
25.3503,0.234369,0.00265779
25.3754,0.234736,0.00390282
25.4004,0.235546,0.00505884
25.4254,0.236047,0.00603465
25.4504,0.236514,0.00706045
25.4755,0.237117,0.00776352
25.5005,0.237206,0.00838451
25.5255,0.237334,0.00855211
25.5505,0.237302,0.0085172
25.5755,0.237231,0.00828908
25.6006,0.236963,0.00775179
25.6256,0.23686,0.0065191
25.6506,0.236659,0.00487762
25.6757,0.236595,0.00303692
25.7007,0.236581,0.000802644
25.7257,0.236598,-0.00175446
25.7507,0.236654,-0.00444881
25.7758,0.236785,-0.00739493
25.8008,0.236941,-0.0102636
25.8258,0.236955,-0.0134473
25.8508,0.236911,-0.0168359
25.8758,0.236754,-0.0198472
25.9009,0.236293,-0.0227485
25.9259,0.236108,-0.0252357
25.9509,0.235483,-0.0275168
25.976,0.234956,-0.029429
26.001,0.234321,-0.0307179
26.026,0.23385,-0.0315694
26.051,0.233654,-0.0319364
26.0761,0.233262,-0.0315776
26.1011,0.233168,-0.0308049
26.1261,0.233477,-0.0294696
26.1511,0.233638,-0.0275528
26.1761,0.23421,-0.0250592
26.2012,0.23484,-0.0223532
26.2262,0.235423,-0.0191139
26.2512,0.236084,-0.0154026
26.2763,0.23663,-0.0116819
26.3013,0.237036,-0.00774992
26.3263,0.237283,-0.0037942
26.3513,0.237317,8.51263e-05
26.3764,0.237516,0.00393821
26.4014,0.237429,0.00756455
26.4264,0.237174,0.0106955
26.4514,0.237056,0.0136079
26.4764,0.236692,0.016015
26.5015,0.236575,0.0179424
26.5265,0.236392,0.0192893
26.5515,0.236377,0.0199236
26.5766,0.236388,0.0201676
26.6016,0.236594,0.0197603
26.6266,0.236759,0.0188855
26.6516,0.236956,0.0174459
26.6767,0.237045,0.0155319
26.7017,0.237086,0.0131384
26.7267,0.237094,0.0104481
26.7517,0.237041,0.00772242
26.7767,0.236526,0.00452304
26.8018,0.236206,0.00132755
26.8268,0.235727,-0.00198262
26.8518,0.235209,-0.00512335
26.8769,0.234733,-0.00827093
26.9019,0.234497,-0.0110831
26.9269,0.234145,-0.0137805
26.9519,0.234097,-0.0160576
26.977,0.233961,-0.0181737
27.002,0.234088,-0.0198176
27.027,0.23428,-0.0210975
27.052,0.234787,-0.0219084
27.077,0.235324,-0.0224858
27.1021,0.235546,-0.0225469
27.1271,0.236129,-0.02235
27.1521,0.236225,-0.021728
27.1772,0.236672,-0.0210216
27.2022,0.236738,-0.0200148
27.2272,0.236795,-0.01856
27.2522,0.23672,-0.0171955
27.2773,0.236634,-0.0160187
27.3023,0.236367,-0.0147096
27.3273,0.23616,-0.0132718
27.3523,0.236083,-0.012038
27.3773,0.236072,-0.0108038
27.4024,0.236088,-0.00965175
27.4274,0.236458,-0.00882218
27.4524,0.236638,-0.00823661
27.4775,0.236786,-0.00753393
27.5025,0.237171,-0.00704285
27.5275,0.237307,-0.00650684
27.5525,0.237445,-0.00648951
27.5775,0.237364,-0.0062318
27.6026,0.23732,-0.0062365
27.6276,0.237073,-0.00588928
27.6526,0.236638,-0.00573453
27.6776,0.236006,-0.00525458
27.7027,0.235351,-0.00507411
27.7277,0.234795,-0.00447904
27.7527,0.234248,-0.0038256
27.7778,0.234016,-0.00317114
27.8028,0.233768,-0.00225078
27.8278,0.233473,-0.00124529
27.8528,0.233499,-0.000113305
27.8778,0.233948,0.00120698
27.9029,0.234148,0.00237727
27.9279,0.234666,0.0037473
27.9529,0.235281,0.00497405
27.9779,0.235831,0.00634672
28.003,0.23628,0.0072171
28.028,0.2366,0.00830733
28.053,0.237087,0.0090546
28.078,0.237178,0.00960992
28.1031,0.237259,0.00975418
28.1281,0.237304,0.00975293
28.1531,0.237233,0.00942925
28.1782,0.237175,0.00867717
28.2032,0.237052,0.00776187
28.2282,0.236988,0.00594683
28.2532,0.237001,0.00408049
28.2782,0.236988,0.00182488
28.3033,0.237017,-0.000675621
28.3283,0.237038,-0.00348318
28.3533,0.237125,-0.0065825
28.3783,0.237133,-0.00958085
28.4034,0.237198,-0.0127723
28.4284,0.237036,-0.0159113
28.4534,0.236811,-0.0189845
28.4785,0.236572,-0.0217984
28.5035,0.236175,-0.0244135
28.5285,0.235587,-0.0267425
28.5535,0.234994,-0.0285431
28.5785,0.234708,-0.0299861
28.6036,0.234334,-0.0308412
28.6286,0.233869,-0.031376
28.6536,0.233756,-0.031282
28.6786,0.233738,-0.0305493
28.7037,0.233807,-0.0294277
28.7287,0.234262,-0.0275638
28.7537,0.234777,-0.0253699
28.7788,0.235044,-0.0227918
28.8038,0.2356,-0.0198554
28.8288,0.236148,-0.0165894
28.8538,0.236773,-0.0129362
28.8788,0.237177,-0.00940134
28.9039,0.237285,-0.00565262
28.9289,0.237436,-0.00188511
28.9539,0.237556,0.00177822
28.9789,0.237517,0.00511554
29.004,0.23735,0.00817152
29.029,0.237173,0.0110078
29.054,0.237049,0.0133327
29.0791,0.236895,0.0153672
29.1041,0.23679,0.0167157
29.1291,0.236699,0.0175663
29.1541,0.236785,0.017942
29.1791,0.236923,0.017949
29.2042,0.236966,0.0173511
29.2292,0.237032,0.0161398
29.2542,0.237049,0.0147415
29.2792,0.237077,0.012827
29.3043,0.237046,0.0107335
29.3293,0.236649,0.00814568
29.3543,0.236512,0.00537362
29.3794,0.23598,0.00258946
29.4044,0.235751,-0.000229368
29.4294,0.235318,-0.00311288
29.4544,0.235064,-0.00576613
29.4794,0.234735,-0.00832583
29.5045,0.234672,-0.0108706
29.5295,0.234501,-0.0129379
29.5545,0.234513,-0.0148297
29.5795,0.234748,-0.0165286
29.6046,0.234882,-0.0176646
29.6296,0.235413,-0.0186656
29.6546,0.235592,-0.0194844
29.6797,0.236112,-0.0198201
29.7047,0.236196,-0.0198296
29.7297,0.236685,-0.0196827
29.7547,0.236754,-0.0191491
29.7797,0.236833,-0.0185329
29.8048,0.236917,-0.0175345
29.8298,0.236781,-0.0167974
29.8548,0.236691,-0.0159644
29.8798,0.236494,-0.0151425
29.9049,0.2363,-0.0141332
29.9299,0.236175,-0.013289
29.9549,0.236204,-0.0123495
29.98,0.236371,-0.0117177
30.005,0.236583,-0.0110762
30.03,0.236704,-0.0106725
30.055,0.236853,-0.0101565
30.08,0.23716,-0.009641
30.1051,0.237336,-0.00945531
30.1301,0.237387,-0.00917311
30.1551,0.237334,-0.00893832
30.1802,0.237272,-0.0086881
30.2052,0.237078,-0.00837368
30.2302,0.236599,-0.00778404
30.2552,0.236149,-0.00726054
30.2802,0.235588,-0.00656518
30.3053,0.235307,-0.0057698
30.3303,0.234749,-0.0049722
30.3553,0.234649,-0.00386404
30.3803,0.234308,-0.00263798
30.4054,0.234178,-0.00142338
30.4304,0.234194,1.71994e-05
30.4554,0.234532,0.00142258
30.4805,0.234754,0.00291104
30.5055,0.235219,0.00438439
30.5305,0.235657,0.00580026
30.5555,0.235907,0.00709191
30.5805,0.236471,0.00835717
30.6056,0.236608,0.00931064
30.6306,0.237075,0.0102241
30.6556,0.237153,0.0107318
30.6806,0.237201,0.0109113
30.7057,0.237219,0.0109098
30.7307,0.237209,0.0103487
30.7557,0.237214,0.00956208
30.7808,0.237131,0.0083767
30.8058,0.237153,0.00711902
30.8308,0.237156,0.00498369
30.8558,0.237229,0.00274879
30.8808,0.237242,0.000178463
30.9059,0.23728,-0.00262616
30.9309,0.237293,-0.00563404
30.9559,0.2373,-0.00883315
30.9809,0.237275,-0.0119637
31.006,0.237136,-0.0150358
31.031,0.236797,-0.0180045
31.056,0.236554,-0.0209091
31.0811,0.236151,-0.0234979
31.1061,0.23567,-0.0256127
31.1311,0.235311,-0.0275067
31.1561,0.234941,-0.0288766
31.1811,0.234423,-0.0300468
31.2062,0.23435,-0.0303388
31.2312,0.234272,-0.0304024
31.2562,0.234258,-0.0298898
31.2812,0.234313,-0.028852
31.3063,0.234595,-0.0273733
31.3313,0.234983,-0.025526
31.3563,0.235485,-0.0230198
31.3814,0.236056,-0.0203846
31.4064,0.236559,-0.017316
31.4314,0.236765,-0.0140733
31.4564,0.237167,-0.0106822
31.4814,0.237304,-0.00717416
31.5065,0.237379,-0.00371516
31.5315,0.237548,-0.000497357
31.5565,0.237478,0.00268304
31.5816,0.237378,0.00568743
31.6066,0.237323,0.00851752
31.6316,0.237176,0.010745
31.6566,0.237084,0.0126682
31.6817,0.237003,0.0141253
31.7067,0.236992,0.015169
31.7317,0.237025,0.0156519
31.7567,0.237047,0.0158752
31.7817,0.237057,0.0154418
31.8068,0.237065,0.0147429
31.8318,0.237067,0.0135272
31.8568,0.237035,0.0119483
31.8819,0.236952,0.0102601
31.9069,0.23658,0.00827515
31.9319,0.236421,0.00588794
31.9569,0.235997,0.00372731
31.982,0.235805,0.00124055
32.007,0.23536,-0.00118416
32.032,0.23524,-0.00356566
32.057,0.235005,-0.00591008
32.0821,0.23487,-0.00798382
32.1071,0.234863,-0.010007
32.1321,0.234905,-0.0116721
32.1571,0.235198,-0.0131596
32.1822,0.235463,-0.0145692
32.2072,0.235818,-0.0154579
32.2322,0.236129,-0.0163852
32.2572,0.236265,-0.0167407
32.2822,0.236694,-0.0172281
32.3073,0.236736,-0.0172376
32.3323,0.236828,-0.0172664
32.3573,0.236886,-0.0170513
32.3824,0.236939,-0.0164909
32.4074,0.236848,-0.0159248
32.4324,0.236715,-0.0156696
32.4574,0.236655,-0.0152432
32.4825,0.23652,-0.0147294
32.5075,0.236441,-0.0143076
32.5325,0.236475,-0.0138709
32.5575,0.236563,-0.0134803
32.5825,0.236667,-0.0132022
32.6076,0.236748,-0.0127148
32.6326,0.236948,-0.0124704
32.6576,0.237092,-0.0122013
32.6827,0.237266,-0.0120558
32.7077,0.237293,-0.0118781
32.7327,0.237281,-0.0114575
32.7577,0.237226,-0.0111292
32.7828,0.236751,-0.0106893
32.8078,0.236649,-0.00996763
32.8328,0.236111,-0.00923718
32.8578,0.235962,-0.00828391
32.8828,0.235399,-0.00719709
32.9079,0.235295,-0.00615174
32.9329,0.234968,-0.00472155
32.9579,0.23481,-0.00320146
32.983,0.234755,-0.00181732
33.008,0.234789,1.05108e-05
33.033,0.235148,0.00150367
33.058,0.235293,0.00321968
33.0831,0.235726,0.0047464
33.1081,0.235894,0.00645061
33.1331,0.236389,0.00779975
33.1581,0.236499,0.00905891
33.1831,0.236958,0.0102212
33.2082,0.237074,0.0109785
33.2332,0.237118,0.0115507
33.2582,0.237139,0.0116673
33.2833,0.237171,0.0116307
33.3083,0.237221,0.0110698
33.3333,0.23719,0.0102726
33.3583,0.237177,0.00909992
33.3834,0.237282,0.00757506
33.4084,0.237309,0.0055996
33.4334,0.237369,0.00332818
33.4584,0.237381,0.000735742
33.4834,0.237412,-0.00192309
33.5085,0.237441,-0.0049825
33.5335,0.237384,-0.00799593
33.5585,0.23737,-0.0110402
33.5836,0.237229,-0.0140399
33.6086,0.236837,-0.0170114
33.6336,0.236643,-0.0197689
33.6586,0.236183,-0.0223688
33.6837,0.235759,-0.0243807
33.7087,0.235545,-0.0262925
33.7337,0.234996,-0.0276612
33.7587,0.234945,-0.0287941
33.7837,0.234847,-0.0294004
33.8088,0.234773,-0.0294405
33.8338,0.234729,-0.0289543
33.8588,0.234871,-0.0281383
33.8839,0.234962,-0.0268731
33.9089,0.235428,-0.0250544
33.9339,0.235863,-0.0230178
33.9589,0.236136,-0.0204806
33.984,0.236661,-0.0178496
34.009,0.236768,-0.0148678
34.034,0.237235,-0.0118788
34.059,0.237322,-0.00879057
34.084,0.237473,-0.00560784
34.1091,0.237456,-0.00249278
34.1341,0.23753,0.000553249
34.1591,0.237451,0.00330957
34.1842,0.237371,0.00577261
34.2092,0.237295,0.00797546
34.2342,0.237216,0.00985708
34.2592,0.237181,0.0112696
34.2843,0.237145,0.0124264
34.3093,0.237135,0.0132664
34.3343,0.237119,0.0135234
34.3593,0.237115,0.0134593
34.3843,0.237089,0.012891
34.4094,0.237083,0.0121469
34.4344,0.237024,0.0109753
34.4594,0.236748,0.00965976
34.4845,0.236488,0.00807718
34.5095,0.236353,0.00627633
34.5345,0.235934,0.00443708
34.5595,0.235848,0.00250352
34.5846,0.235478,0.0005238
34.6096,0.235367,-0.00144212
34.6346,0.23533,-0.00349482
34.6596,0.235318,-0.00532787
34.6846,0.235343,-0.00701626
34.7097,0.235395,-0.00863327
34.7347,0.235544,-0.0100718
34.7597,0.235964,-0.0112933
34.7848,0.236169,-0.0122648
34.8098,0.236406,-0.0132736
34.8348,0.236698,-0.0139796
34.8598,0.236775,-0.0143115
34.8849,0.236922,-0.01477
34.9099,0.237104,-0.0150603
34.9349,0.23714,-0.0152527
34.9599,0.237153,-0.0149735
34.9849,0.221506,-0.0115638
35.01,0.236867,-0.0151484
35.035,0.236688,-0.0151901
35.06,0.236637,-0.0151665
35.0851,0.236608,-0.0150955
35.1101,0.236607,-0.0150686
35.1351,0.236678,-0.0149326
35.1601,0.236684,-0.014829
35.1852,0.236766,-0.0147123
35.2102,0.236887,-0.0146355
35.2352,0.237043,-0.0145022
35.2602,0.237153,-0.0144647
35.2852,0.237198,-0.014069
35.3103,0.237198,-0.0138289
35.3353,0.236856,-0.013354
35.3603,0.23677,-0.0126885
35.3854,0.236559,-0.0119706
35.4104,0.236187,-0.0108998
35.4354,0.236007,-0.00980805
35.4604,0.235864,-0.00869892
35.4855,0.235486,-0.00712003
35.5105,0.235412,-0.00566395
35.5355,0.235352,-0.00389208
35.5605,0.235338,-0.00206748
35.5855,0.235364,-0.00044192
35.6106,0.235606,0.00141865
35.6356,0.235892,0.00327617
35.6606,0.235938,0.00512688
35.6857,0.236397,0.00664114
35.7107,0.236496,0.00822975
35.7357,0.23659,0.00961879
35.7607,0.236938,0.0106366
35.7858,0.237086,0.0115663
35.8108,0.237116,0.0121064
35.8358,0.237141,0.0122355
35.8608,0.237158,0.0122334
35.8858,0.237165,0.0116692
35.9109,0.237195,0.0109082
35.9359,0.237222,0.00959468
35.9609,0.237269,0.00788481
35.986,0.237397,0.00597588
36.011,0.237477,0.00394257
36.036,0.23756,0.00137503
36.061,0.237562,-0.0013257
36.0861,0.237466,-0.00421749
36.1111,0.237398,-0.00707903
36.1361,0.23733,-0.0100967
36.1611,0.237302,-0.0128691
36.1861,0.236786,-0.0159103
36.2112,0.23672,-0.0185387
36.2362,0.236205,-0.0210187
36.2612,0.236099,-0.0230163
36.2863,0.235587,-0.024925
36.3113,0.23552,-0.0262212
36.3363,0.23528,-0.0274203
36.3613,0.235051,-0.0280476
36.3864,0.23501,-0.0281698
36.4114,0.235039,-0.0277946
36.4364,0.235286,-0.0271971
36.4614,0.235529,-0.0262184
36.4864,0.235852,-0.0246725
36.5115,0.236139,-0.0228964
36.5365,0.236426,-0.0206108
36.5615,0.236716,-0.0180765
36.5866,0.236883,-0.0155665
36.6116,0.237254,-0.0127941
36.6366,0.237348,-0.0100959
36.6616,0.237413,-0.00721428
36.6867,0.237488,-0.00443459
36.7117,0.237506,-0.00171608
36.7367,0.237492,0.000801484
36.7617,0.23748,0.00313204
36.7867,0.237415,0.00527592
36.8118,0.237393,0.00716322
36.8368,0.237399,0.00858487
36.8618,0.237374,0.00974675
36.8869,0.237326,0.010716
36.9119,0.23721,0.0109996
36.9369,0.237187,0.0111611
36.9619,0.237144,0.0110341
36.987,0.237091,0.0104772
37.012,0.23703,0.00973854
37.037,0.236602,0.00891109
37.062,0.236503,0.00774925
37.087,0.236181,0.00637274
37.1121,0.235953,0.00507985
37.1371,0.235858,0.00333919
37.1621,0.235788,0.00184248
37.1872,0.235646,0.000158759
37.2122,0.235567,-0.00142027
37.2372,0.235563,-0.00296845
37.2622,0.235719,-0.00431425
37.2873,0.235926,-0.00574929
37.3123,0.236037,-0.00700059
37.3373,0.236365,-0.00827754
37.3623,0.236576,-0.00934401
37.3873,0.236728,-0.0102472
37.4124,0.236789,-0.0111706
37.4374,0.237125,-0.0118334
37.4624,0.237254,-0.0125995
37.4875,0.237285,-0.0130291
37.5125,0.237339,-0.0135483
37.5375,0.237167,-0.0138622
37.5625,0.23702,-0.0139971
37.5876,0.236817,-0.0145605
37.6126,0.236823,-0.0147766
37.6376,0.236756,-0.0152539
37.6626,0.236762,-0.0154523
37.6876,0.236744,-0.0158225
37.7127,0.236763,-0.0160059
37.7377,0.23675,-0.0162033
37.7627,0.236835,-0.0162935
37.7878,0.236904,-0.0164455
37.8128,0.236935,-0.0165261
37.8378,0.237023,-0.0165421
37.8628,0.236991,-0.0161694
37.8879,0.236821,-0.0158453
37.9129,0.236777,-0.0152675
37.9379,0.236705,-0.0145967
37.9629,0.236629,-0.0135366
37.9879,0.236182,-0.0125828
38.013,0.236108,-0.0113393
38.038,0.236024,-0.00970262
38.063,0.23599,-0.00824903
38.0881,0.235936,-0.00641101
38.1131,0.235906,-0.00452026
38.1381,0.235917,-0.00261187
38.1631,0.235931,-0.000683187
38.1882,0.235979,0.00128562
38.2132,0.236148,0.00323521
38.2382,0.236486,0.00513308
38.2632,0.236509,0.0069482
38.2882,0.236611,0.00836994
38.3133,0.236843,0.00967598
38.3383,0.237039,0.010932
38.3633,0.237083,0.0116891
38.3884,0.237106,0.0122458
38.4134,0.237126,0.0124327
38.4384,0.237139,0.0123636
38.4634,0.237173,0.011996
38.4885,0.237192,0.0110484
38.5135,0.237224,0.0100479
38.5385,0.237333,0.00839538
38.5635,0.237392,0.00650179
38.5885,0.237524,0.00442198
38.6136,0.237571,0.00201943
38.6386,0.237548,-0.000529577
38.6636,0.237531,-0.0032577
38.6887,0.237338,-0.00616774
38.7137,0.237312,-0.00894188
38.7387,0.237195,-0.011756
38.7637,0.236843,-0.0145906
38.7888,0.236689,-0.0171057
38.8138,0.236348,-0.0193025
38.8388,0.236123,-0.0215426
38.8638,0.235884,-0.0232355
38.8888,0.235586,-0.0247191
38.9139,0.235546,-0.0256451
38.9389,0.235516,-0.0263059
38.9639,0.2355,-0.026718
38.989,0.235519,-0.0265952
39.014,0.235546,-0.0260925
39.039,0.235784,-0.0251058
39.064,0.236077,-0.0240307
39.0891,0.236225,-0.0224077
39.1141,0.236556,-0.0204954
39.1391,0.23676,-0.0184824
39.1641,0.236852,-0.0161829
39.1891,0.237186,-0.0138257
39.2142,0.237313,-0.0113494
39.2392,0.23736,-0.0088599
39.2642,0.237397,-0.00625738
39.2892,0.237469,-0.00388319
39.3143,0.237433,-0.00168751
39.3393,0.237523,0.000599177
39.3643,0.237543,0.00258737
39.3894,0.237452,0.00434919
39.4144,0.237499,0.00576295
39.4394,0.237521,0.00707789
39.4644,0.237422,0.00790365
39.4894,0.237266,0.00849655
39.5145,0.237191,0.00896187
39.5395,0.237114,0.00903213
39.5645,0.237072,0.0089778
39.5896,0.236676,0.00844855
39.6146,0.23657,0.00783478
39.6396,0.236449,0.00711458
39.6646,0.236338,0.00632788
39.6897,0.235918,0.00523101
39.7147,0.235918,0.0042357
39.7397,0.235855,0.00312417
39.7647,0.235847,0.00192971
39.7897,0.235883,0.000623722
39.8148,0.235923,-0.000621039
39.8398,0.235986,-0.0019049
39.8648,0.236043,-0.00307046
39.8898,0.236516,-0.00432686
39.9149,0.236611,-0.0052364
39.9399,0.236775,-0.00639239
39.9649,0.237057,-0.00749912
39.99,0.237221,-0.00834396
40.015,0.237273,-0.00939845
40.04,0.237307,-0.0101793
40.065,0.237331,-0.0110301
40.09,0.237293,-0.0118184
40.1151,0.237292,-0.012557
40.1401,0.237097,-0.0131105
40.1651,0.237077,-0.0139162
40.1902,0.236854,-0.0145053
40.2152,0.236885,-0.0152395
40.2402,0.236833,-0.0158125
40.2652,0.23682,-0.0164904
40.2903,0.236822,-0.0168875
40.3153,0.23679,-0.0174048
40.3403,0.236827,-0.0177123
40.3653,0.236872,-0.0179637
40.3903,0.23686,-0.0181291
40.4154,0.236844,-0.0181473
40.4404,0.23679,-0.0178758
40.4654,0.236764,-0.0174671
40.4905,0.236719,-0.0168587
40.5155,0.236694,-0.0159963
40.5405,0.23659,-0.0151895
40.5655,0.236467,-0.0139913
40.5906,0.236228,-0.0125382
40.6156,0.236128,-0.0108489
40.6406,0.236113,-0.00913741
40.6656,0.236106,-0.00736965
40.6906,0.236167,-0.00532777
40.7157,0.236194,-0.00330225
40.7407,0.236446,-0.0012386
40.7657,0.236524,0.000748778
40.7908,0.236573,0.00279648
40.8158,0.236622,0.0048365
40.8408,0.236766,0.00657568
40.8658,0.237005,0.0082437
40.8909,0.23706,0.00965595
40.9159,0.237081,0.0108182
40.9409,0.237083,0.0116184
40.9659,0.237099,0.0121951
40.9909,0.237124,0.0122882
41.016,0.237144,0.0122728
41.041,0.237163,0.0117411
41.066,0.23719,0.0110174
41.0911,0.237236,0.00977475
41.1161,0.237257,0.00835829
41.1411,0.23735,0.00663053
41.1661,0.237431,0.00466875
41.1912,0.237495,0.00248143
41.2162,0.237512,-5.4762e-05
41.2412,0.237385,-0.00257798
41.2662,0.237337,-0.00517257
41.2912,0.237278,-0.00778362
41.3163,0.237211,-0.0106492
41.3413,0.236784,-0.012987
41.3663,0.236717,-0.0154822
41.3914,0.236404,-0.0177866
41.4164,0.236215,-0.0197628
41.4414,0.236122,-0.0212902
41.4664,0.236007,-0.0227902
41.4915,0.235769,-0.0238313
41.5165,0.235664,-0.024421
41.5415,0.235624,-0.0249875
41.5665,0.235726,-0.0250088
41.5915,0.236024,-0.0247254
41.6166,0.236161,-0.0240513
41.6416,0.236192,-0.0230383
41.6666,0.236397,-0.0217776
41.6917,0.236696,-0.0202793
41.7167,0.236778,-0.0184949
41.7417,0.236927,-0.0166194
41.7667,0.237178,-0.0146305
41.7918,0.237269,-0.0124949
41.8168,0.237313,-0.0102956
41.8418,0.237376,-0.00812994
41.8668,0.237358,-0.00596745
41.8918,0.237487,-0.00394753
41.9169,0.237511,-0.0019959
41.9419,0.237572,-0.000200018
41.9669,0.237565,0.00145682
41.992,0.237531,0.0029079
42.017,0.237469,0.00404565
42.042,0.237298,0.00516418
42.067,0.237263,0.00595408
42.0921,0.237189,0.00650267
42.1171,0.23716,0.00693528
42.1421,0.237047,0.00709273
42.1671,0.236727,0.00709851
42.1921,0.236529,0.00700071
42.2172,0.236469,0.00653932
42.2422,0.236309,0.00600554
42.2672,0.236103,0.00536152
42.2923,0.235958,0.00466907
42.3173,0.235937,0.00389998
42.3423,0.235936,0.0031629
42.3673,0.235966,0.00209249
42.3924,0.236012,0.00127543
42.4174,0.236216,0.000194289
42.4424,0.236515,-0.000652951
42.4674,0.236575,-0.00180068
42.4924,0.236775,-0.00265264
42.5175,0.237064,-0.00376598
42.5425,0.237219,-0.00484973
42.5675,0.237275,-0.0057643
42.5926,0.2373,-0.00694884
42.6176,0.237329,-0.00777747
42.6426,0.237336,-0.00897645
42.6676,0.237311,-0.0100903
42.6927,0.237305,-0.0110866
42.7177,0.237271,-0.0120422
42.7427,0.237177,-0.0129259
42.7677,0.237123,-0.0140349
42.7927,0.236997,-0.0149918
42.8178,0.236906,-0.0159129
42.8428,0.236902,-0.016773
42.8678,0.23687,-0.0176243
42.8929,0.236791,-0.0182329
42.9179,0.236741,-0.0189146
42.9429,0.236785,-0.0192289
42.9679,0.236771,-0.019392
42.993,0.236746,-0.0194441
43.018,0.236741,-0.0192518
43.043,0.236704,-0.0187886
43.068,0.236678,-0.0183476
43.093,0.236633,-0.0173311
43.1181,0.236592,-0.016499
43.1431,0.236477,-0.0150869
43.1681,0.236487,-0.0134709
43.1932,0.236452,-0.0119809
43.2182,0.23649,-0.0101409
43.2432,0.236554,-0.00823923
43.2682,0.236581,-0.00627167
43.2933,0.236609,-0.00393397
43.3183,0.236614,-0.00187938
43.3433,0.236695,0.000176857
43.3683,0.236853,0.00236983
43.3933,0.237037,0.00436041
43.4184,0.237062,0.0062026
43.4434,0.237102,0.00774608
43.4684,0.237103,0.00907944
43.4935,0.237105,0.0103174
43.5185,0.237107,0.011269
43.5435,0.237119,0.0117137
43.5685,0.237129,0.012037
43.5936,0.237144,0.0119988
43.6186,0.237146,0.0115965
43.6436,0.237172,0.0108518
43.6686,0.237197,0.00975069
43.6936,0.237217,0.00840128
43.7187,0.237251,0.00670596
43.7437,0.237315,0.00499409
43.7687,0.237322,0.00284704
43.7938,0.237317,0.000615916
43.8188,0.237315,-0.0017903
43.8438,0.237282,-0.0042718
43.8688,0.237245,-0.00680908
43.8939,0.237137,-0.00904119
43.9189,0.236815,-0.0114693
43.9439,0.236718,-0.0138432
43.9689,0.236662,-0.0158805
43.9939,0.236268,-0.0178001
44.019,0.23621,-0.0193774
44.044,0.236165,-0.0207055
44.069,0.236151,-0.0218094
44.0941,0.236148,-0.0226044
44.1191,0.236141,-0.0230431
44.1441,0.236161,-0.0232119
44.1691,0.236174,-0.023153
44.1942,0.236233,-0.0227542
44.2192,0.23633,-0.0219007
44.2442,0.236638,-0.0210803
44.2692,0.23673,-0.0199631
44.2942,0.236793,-0.0185488
44.3193,0.236881,-0.0169357
44.3443,0.237083,-0.0152623
44.3693,0.237167,-0.0134378
44.3944,0.237271,-0.0116302
44.4194,0.237314,-0.00977776
44.4444,0.237395,-0.00804791
44.4694,0.237419,-0.00618803
44.4945,0.237471,-0.00443393
44.5195,0.237519,-0.0027661
44.5445,0.237497,-0.00121987
44.5695,0.237503,7.19237e-05
44.5945,0.237372,0.00134823
44.6196,0.237328,0.00250697
44.6446,0.237253,0.00336478
44.6696,0.237205,0.00429599
44.6947,0.23714,0.0047646
44.7197,0.237055,0.00521918
44.7447,0.236666,0.00566635
44.7697,0.236559,0.00578558
44.7948,0.236487,0.00579556
44.8198,0.236415,0.0057836
44.8448,0.236232,0.00542861
44.8698,0.236093,0.00522329
44.8948,0.236054,0.00470446
44.9199,0.236106,0.00417837
44.9449,0.236266,0.00372316
44.9699,0.236389,0.00301947
44.995,0.23653,0.00215952
45.02,0.236579,0.00136589
45.045,0.236759,0.000620576
45.07,0.237015,-0.000407614
45.0951,0.237189,-0.00128635
45.1201,0.237244,-0.00245268
45.1451,0.237291,-0.00358601
45.1701,0.237318,-0.00463035
45.1951,0.237353,-0.00587764
45.2202,0.237369,-0.00707764
45.2452,0.237361,-0.00850856
45.2702,0.237361,-0.00971653
45.2953,0.237336,-0.0110268
45.3203,0.237293,-0.0122905
45.3453,0.237147,-0.0136087
45.3703,0.237146,-0.0146349
45.3954,0.236998,-0.0159196
45.4204,0.236907,-0.0169935
45.4454,0.236866,-0.0179436
45.4704,0.236865,-0.0188818
45.4954,0.236753,-0.0195374
45.5205,0.236733,-0.0201193
45.5455,0.236709,-0.0202904
45.5705,0.2367,-0.0203546
45.5956,0.236667,-0.0202201
45.6206,0.236641,-0.0198894
45.6456,0.236613,-0.01922
45.6706,0.236584,-0.018461
45.6957,0.236596,-0.0172884
45.7207,0.236576,-0.0160573
45.7457,0.236629,-0.0145805
45.7707,0.236644,-0.0127471
45.7957,0.236658,-0.0108877
45.8208,0.236668,-0.00896928
45.8458,0.236693,-0.00696869
45.8708,0.236772,-0.00491667
45.8959,0.237047,-0.00256163
45.9209,0.237095,-0.000579998
45.9459,0.237149,0.0014445
45.9709,0.23716,0.00337716
45.996,0.237159,0.00525718
46.021,0.237142,0.00707028
46.046,0.237146,0.00836107
46.071,0.237137,0.00953844
46.096,0.237127,0.0103619
46.1211,0.237125,0.0110059
46.1461,0.237135,0.0113726
46.1711,0.237133,0.0114194
46.1962,0.237134,0.0109632
46.2212,0.237134,0.0103079
46.2462,0.237169,0.00953567
46.2712,0.237175,0.00836441
46.2963,0.2372,0.00677288
46.3213,0.237219,0.00515365
46.3463,0.237242,0.00323264
46.3713,0.237248,0.00130969
46.3963,0.237245,-0.000962571
46.4214,0.237225,-0.00310518
46.4464,0.237161,-0.00540264
46.4714,0.237119,-0.00761901
46.4965,0.236848,-0.00972678
46.5215,0.236792,-0.0118261
46.5465,0.236693,-0.013838
46.5715,0.23667,-0.0156357
46.5966,0.236592,-0.0172036
46.6216,0.236518,-0.0184804
46.6466,0.236334,-0.0196992
46.6716,0.236293,-0.0204872
46.6966,0.236311,-0.0211286
46.7217,0.236351,-0.0213143
46.7467,0.236429,-0.0215476
46.7717,0.236531,-0.0213591
46.7968,0.236657,-0.0209752
46.8218,0.236698,-0.020311
46.8468,0.236762,-0.0194894
46.8718,0.236762,-0.0185628
46.8969,0.236894,-0.0173054
46.9219,0.236964,-0.0160907
46.9469,0.237083,-0.0146152
46.9719,0.23721,-0.0130184
46.9969,0.237295,-0.0115756
47.022,0.237324,-0.0100918
47.047,0.237366,-0.00842196
47.072,0.2374,-0.00703508
47.0971,0.237396,-0.00531799
47.1221,0.23737,-0.00390753
47.1471,0.237352,-0.00251887
47.1721,0.237341,-0.0012709
47.1972,0.237276,-8.70986e-06
47.2222,0.237261,0.000861381
47.2472,0.23718,0.00197882
47.2722,0.237112,0.00279856
47.2972,0.23697,0.00363817
47.3223,0.236744,0.00430516
47.3473,0.236572,0.00459724
47.3723,0.236526,0.00511195
47.3974,0.236477,0.00531107
47.4224,0.236439,0.00543734
47.4474,0.236394,0.00555441
47.4724,0.236389,0.00554684
47.4975,0.236463,0.00521746
47.5225,0.236481,0.00509569
47.5475,0.236543,0.00453174
47.5725,0.236598,0.0039308
47.5975,0.236754,0.0033274
47.6226,0.237046,0.00258836
47.6476,0.23714,0.0017504
47.6726,0.237198,0.000709791
47.6977,0.237244,-0.000465372
47.7227,0.23729,-0.00159044
47.7477,0.237347,-0.00289085
47.7727,0.237387,-0.00418925
47.7978,0.237367,-0.00566823
47.8228,0.237393,-0.00709012
47.8478,0.237352,-0.00861936
47.8728,0.237333,-0.0100591
47.8978,0.237299,-0.0115973
47.9229,0.237285,-0.0129028
47.9479,0.237166,-0.0144264
47.9729,0.237082,-0.0156866
47.998,0.236918,-0.0169758
48.023,0.236864,-0.0180401
48.048,0.236781,-0.0190254
48.073,0.236757,-0.0198797
48.0981,0.236709,-0.020328
48.1231,0.236686,-0.0205672
48.1481,0.236646,-0.0207611
48.1731,0.23664,-0.0206907
48.1981,0.236605,-0.0204024
48.2232,0.236579,-0.0198067
48.2482,0.236579,-0.0190004
48.2732,0.236633,-0.0179314
48.2982,0.236673,-0.0166009
48.3233,0.236667,-0.0150358
48.3483,0.236705,-0.0134194
48.3733,0.236723,-0.0115712
48.3984,0.236817,-0.00969981
48.4234,0.236996,-0.00771212
48.4484,0.237159,-0.00567267
48.4734,0.23719,-0.00368821
48.4984,0.237222,-0.0014417
48.5235,0.237212,0.000543516
48.5485,0.237211,0.00245472
48.5735,0.237199,0.00418907
48.5986,0.237187,0.00576281
48.6236,0.237169,0.00709173
48.6486,0.237161,0.00831617
48.6736,0.23715,0.00912921
48.6987,0.237145,0.00975341
48.7237,0.237123,0.0102077
48.7487,0.237118,0.0102948
48.7737,0.23712,0.0102368
48.7987,0.237129,0.00965847
48.8238,0.237128,0.00896224
48.8488,0.237143,0.00783579
48.8738,0.237154,0.0065321
48.8988,0.237166,0.00521313
48.9239,0.237196,0.00357184
48.9489,0.237182,0.00190076
48.9739,0.237198,4.7685e-06
48.999,0.237193,-0.00190397
49.024,0.237173,-0.00384404
49.049,0.237093,-0.005859
49.074,0.23701,-0.00779726
49.099,0.236828,-0.00973848
49.1241,0.236765,-0.0115797
49.1491,0.236728,-0.0133126
49.1741,0.236733,-0.0147948
49.1992,0.236727,-0.0160786
49.2242,0.23673,-0.0172678
49.2492,0.236701,-0.0183388
49.2742,0.236711,-0.0191219
49.2993,0.236707,-0.0195645
49.3243,0.236724,-0.019809
49.3493,0.236721,-0.0199105
49.3743,0.236732,-0.0198955
49.3993,0.236744,-0.0196455
49.4244,0.23676,-0.0191369
49.4494,0.23679,-0.0184715
49.4744,0.236828,-0.0177157
49.4994,0.236947,-0.0167032
49.5245,0.23702,-0.0157237
49.5495,0.237086,-0.0144555
49.5745,0.237169,-0.0133357
49.5996,0.237265,-0.0119409
49.6246,0.237292,-0.0106765
49.6496,0.237324,-0.00907507
49.6746,0.237322,-0.00775877
49.6996,0.237308,-0.00637501
49.7247,0.237306,-0.00509768
49.7497,0.237286,-0.00376367
49.7747,0.237262,-0.00251736
49.7998,0.237234,-0.00124725
49.8248,0.237199,-8.69011e-05
49.8498,0.237096,0.000849091
49.8748,0.237061,0.00195503
49.8999,0.236802,0.00277371
49.9249,0.236647,0.00370099
49.9499,0.236595,0.00433022
49.9749,0.236557,0.00496691
49.9999,0.236525,0.0052676
50.025,0.236524,0.00566345
50.05,0.236517,0.00580298
50.075,0.236524,0.00581976
50.1001,0.23655,0.00578022
50.1251,0.236622,0.00561089
50.1501,0.236723,0.00511269
50.1751,0.236951,0.00451191
50.2002,0.237106,0.00387913
50.2252,0.237158,0.00308521
50.2502,0.237195,0.00201783
50.2752,0.23723,0.00101319
50.3002,0.237278,-0.000198408
50.3253,0.237321,-0.00149166
50.3503,0.237331,-0.00305381
50.3753,0.237342,-0.00447275
50.4004,0.237353,-0.00586797
50.4254,0.23736,-0.00753058
50.4504,0.237345,-0.00904761
50.4754,0.237322,-0.0108153
50.5005,0.23728,-0.0122695
50.5255,0.237262,-0.0139504
50.5505,0.237057,-0.0152237
50.5755,0.236967,-0.0164788
50.6005,0.236853,-0.0176271
50.6256,0.236804,-0.018642
50.6506,0.236757,-0.0194676
50.6756,0.236739,-0.0200937
50.7007,0.236699,-0.020464
50.7257,0.236674,-0.0205307
50.7507,0.236665,-0.0205459
50.7757,0.236663,-0.0204135
50.8008,0.236659,-0.0198038
50.8258,0.236667,-0.0190755
50.8508,0.236708,-0.0179733
50.8758,0.236718,-0.0168884
50.9008,0.236738,-0.0154094
50.9259,0.23676,-0.0139248
50.9509,0.236809,-0.0121701
50.9759,0.236968,-0.0103363
51.001,0.237165,-0.00845496
51.026,0.237217,-0.00649265
51.051,0.23725,-0.00453172
51.076,0.237238,-0.00259705
51.1011,0.237243,-0.0007071
51.1261,0.237247,0.00113909
51.1511,0.237229,0.00265839
51.1761,0.237211,0.00439047
51.2011,0.237199,0.00569027
51.2262,0.237185,0.00662822
51.2512,0.237156,0.00773543
51.2762,0.237144,0.00842436
51.3013,0.237128,0.00893951
51.3263,0.237122,0.00903745
51.3513,0.237116,0.0090186
51.3763,0.23713,0.00856138
51.4014,0.237119,0.00827501
51.4264,0.237125,0.00730568
51.4514,0.23713,0.00645497
51.4764,0.237138,0.00524217
51.5014,0.23715,0.00391087
51.5265,0.237149,0.0025101
51.5515,0.237152,0.000792509
51.5765,0.23716,-0.000883166
51.6016,0.237167,-0.00253632
51.6266,0.237166,-0.0044079
51.6516,0.237104,-0.00619607
51.6766,0.237087,-0.0078979
51.7017,0.236936,-0.00953362
51.7267,0.236862,-0.011239
51.7517,0.23684,-0.0126574
51.7767,0.236802,-0.0139433
51.8017,0.236789,-0.0152325
51.8268,0.236783,-0.0161106
51.8518,0.236772,-0.0171831
51.8768,0.236783,-0.017842
51.9019,0.236769,-0.0183353
51.9269,0.236759,-0.0185766
51.9519,0.236784,-0.0187583
51.9769,0.236793,-0.0188052
52.002,0.23679,-0.0185984
52.027,0.236796,-0.0184124
52.052,0.236845,-0.017808
52.077,0.236884,-0.017103
52.102,0.23694,-0.0164206
52.1271,0.236979,-0.0154369
52.1521,0.237137,-0.0144573
52.1771,0.237199,-0.0134028
52.2022,0.237274,-0.0121826
52.2272,0.237302,-0.0109043
52.2522,0.237314,-0.00962009
52.2772,0.237298,-0.00834294
52.3023,0.237298,-0.00702487
52.3273,0.23728,-0.00577309
52.3523,0.237258,-0.00440552
52.3773,0.237237,-0.00315746
52.4023,0.237205,-0.0018748
52.4274,0.23716,-0.000634845
52.4524,0.237084,0.000532498
52.4774,0.237023,0.00146917
52.5025,0.236759,0.00254461
52.5275,0.236705,0.00333019
52.5525,0.236646,0.00408723
52.5775,0.236609,0.00479303
52.6026,0.236572,0.00521636
52.6276,0.236589,0.00565369
52.6526,0.236588,0.00583175
52.6776,0.23662,0.00585264
52.7026,0.236737,0.00581339
52.7277,0.236956,0.00565
52.7527,0.237059,0.00514714
52.7777,0.23712,0.0045162
52.8028,0.237159,0.00385457
52.8278,0.23719,0.00284356
52.8528,0.237222,0.00194974
52.8778,0.237263,0.000744356
52.9029,0.2373,-0.000567965
52.9279,0.237319,-0.00184813
52.9529,0.237343,-0.00328661
52.9779,0.237343,-0.00500845
53.0029,0.237322,-0.00637109
53.028,0.237337,-0.00794575
53.053,0.237318,-0.00957842
53.078,0.23732,-0.0113246
53.1031,0.237294,-0.0127112
53.1281,0.237209,-0.0140565
53.1531,0.237002,-0.015471
53.1781,0.236875,-0.0166125
53.2032,0.236808,-0.0177386
53.2282,0.236783,-0.0186043
53.2532,0.236751,-0.0192283
53.2782,0.23672,-0.019719
53.3032,0.236699,-0.0199086
53.3283,0.23669,-0.0199213
53.3533,0.236691,-0.0198522
53.3783,0.236675,-0.019525
53.4034,0.236702,-0.0187809
53.4284,0.236723,-0.0179212
53.4534,0.23675,-0.0169705
53.4784,0.236751,-0.0157849
53.5035,0.236808,-0.0142137
53.5285,0.236873,-0.0127146
53.5535,0.237164,-0.0110251
53.5785,0.237199,-0.00936009
53.6035,0.237259,-0.00759588
53.6286,0.237253,-0.00571594
53.6536,0.237264,-0.00384159
53.6786,0.237268,-0.00202825
53.7037,0.237248,-0.000530649
53.7287,0.237235,0.001261
53.7537,0.237235,0.00260291
53.7787,0.237229,0.00388077
53.8038,0.237199,0.0051153
53.8288,0.237193,0.0059426
53.8538,0.23717,0.00674434
53.8788,0.237155,0.00742072
53.9038,0.237136,0.00769805
53.9289,0.237127,0.0077293
53.9539,0.237122,0.00771043
53.9789,0.237115,0.00727519
54.004,0.237113,0.00667739
54.029,0.237114,0.00592244
54.054,0.237112,0.00512724
54.079,0.237113,0.00396051
54.1041,0.237121,0.00269022
54.1291,0.237119,0.00144545
54.1541,0.237149,3.53138e-05
54.1791,0.237111,-0.00135557
54.2041,0.237164,-0.00308081
54.2292,0.237166,-0.00459232
54.2542,0.237148,-0.0062305
54.2792,0.237156,-0.00766525
54.3042,0.237095,-0.00910885
54.3293,0.237052,-0.0105574
54.3543,0.236985,-0.0120183
54.3793,0.23699,-0.0131572
54.4044,0.236938,-0.0141707
54.4294,0.236888,-0.0152604
54.4544,0.236826,-0.015997
54.4794,0.236867,-0.0166967
54.5044,0.236839,-0.0172019
54.5295,0.236829,-0.017414
54.5545,0.236837,-0.0178204
54.5795,0.236827,-0.017829
54.6046,0.236848,-0.0177439
54.6296,0.236872,-0.0175028
54.6546,0.236877,-0.0170949
54.6796,0.236922,-0.0164745
54.7047,0.236973,-0.0159064
54.7297,0.237052,-0.0149825
54.7547,0.237149,-0.0141192
54.7797,0.237184,-0.0132062
54.8047,0.237255,-0.012127
54.8298,0.237278,-0.0109585
54.8548,0.237288,-0.00980551
54.8798,0.23728,-0.00862592
54.9048,0.237272,-0.00738757
54.9299,0.237258,-0.00612524
54.9549,0.237234,-0.00477473
54.9799,0.237212,-0.00355087
55.005,0.237169,-0.00229498
55.03,0.237149,-0.00110218
55.055,0.237063,0.000103084
55.08,0.237023,0.00125925
55.105,0.236926,0.00214073
55.1301,0.236903,0.00317978
55.1551,0.236815,0.00387332
55.1801,0.236818,0.0045343
55.2052,0.236799,0.00508295
55.2302,0.236902,0.00532174
55.2552,0.236929,0.00565369
55.2802,0.236982,0.00570465
55.3053,0.237044,0.0056488
55.3303,0.2371,0.0052497
55.3553,0.23713,0.00484016
55.3803,0.237162,0.00419053
55.4053,0.237199,0.00339288
55.4304,0.237207,0.00260083
55.4554,0.237247,0.00147138
55.4804,0.237268,0.000327216
55.5054,0.237291,-0.00106303
55.5305,0.237302,-0.00240143
55.5555,0.237309,-0.00381643
55.5805,0.237328,-0.00550176
55.6056,0.237313,-0.00694574
55.6306,0.237321,-0.00837824
55.6556,0.237301,-0.0100606
55.6806,0.2373,-0.0114629
55.7056,0.237256,-0.0128398
55.7307,0.237152,-0.0141208
55.7557,0.236913,-0.015403
55.7807,0.23685,-0.0165496
55.8058,0.236801,-0.017411
55.8308,0.236765,-0.0182089
55.8558,0.236748,-0.01867
55.8808,0.236739,-0.0191203
55.9059,0.236719,-0.0192041
55.9309,0.23672,-0.019202
55.9559,0.236718,-0.0188322
55.9809,0.236727,-0.0184645
56.0059,0.236752,-0.0177409
56.031,0.236765,-0.016687
56.056,0.23681,-0.0157804
56.081,0.23683,-0.0143863
56.106,0.236984,-0.0131678
56.1311,0.237162,-0.0115529
56.1561,0.237257,-0.0101699
56.1811,0.237266,-0.00847673
56.2062,0.237281,-0.00694355
56.2312,0.237278,-0.00511393
56.2562,0.237287,-0.00368757
56.2812,0.237294,-0.00199118
56.3062,0.237267,-0.0005492
56.3313,0.237253,0.000770621
56.3563,0.237269,0.00217882
56.3813,0.237225,0.00328077
56.4064,0.237214,0.00437904
56.4314,0.237192,0.0051894
56.4564,0.237168,0.00576875
56.4814,0.237171,0.00603698
56.5065,0.237134,0.00642761
56.5315,0.237134,0.00643949
56.5565,0.237111,0.00634075
56.5815,0.237111,0.00589082
56.6065,0.237102,0.00531054
56.6316,0.237096,0.00460479
56.6566,0.2371,0.003871
56.6816,0.237117,0.00281764
56.7066,0.237102,0.00189829
56.7317,0.237111,0.000697919
56.7567,0.237149,-0.000644358
56.7817,0.237161,-0.00198182
56.8068,0.237163,-0.00329968
56.8318,0.237162,-0.00459239
56.8568,0.237193,-0.00619217
56.8818,0.237192,-0.00748224
56.9068,0.237217,-0.00885324
56.9319,0.237212,-0.0100642
56.9569,0.237172,-0.0113208
56.9819,0.2372,-0.0121866
57.007,0.237142,-0.0133298
57.032,0.237143,-0.0141572
57.057,0.237011,-0.0148683
57.082,0.236963,-0.015712
57.1071,0.236941,-0.0161201
57.1321,0.236932,-0.0164821
57.1571,0.236914,-0.0167315
57.1821,0.236889,-0.0168501
57.2071,0.236876,-0.0168493
57.2322,0.236902,-0.0167367
57.2572,0.236914,-0.0163056
57.2822,0.236944,-0.0159779
57.3072,0.236994,-0.0153739
57.3323,0.237055,-0.0146043
57.3573,0.237174,-0.0138358
57.3823,0.237217,-0.0128304
57.4074,0.237253,-0.0120209
57.4324,0.237253,-0.0108948
57.4574,0.237258,-0.00974902
57.4824,0.237264,-0.00872883
57.5074,0.237246,-0.00749172
57.5325,0.237239,-0.00626282
57.5575,0.237221,-0.00495473
57.5825,0.237206,-0.00373531
57.6076,0.237187,-0.00241175
57.6326,0.237158,-0.00121158
57.6576,0.23712,3.1248e-05
57.6826,0.237076,0.000940062
57.7077,0.23707,0.00198744
57.7327,0.237018,0.00288834
57.7577,0.236995,0.00370538
57.7827,0.237016,0.00440182
57.8077,0.236994,0.00473794
57.8328,0.237055,0.00512982
57.8578,0.237092,0.00525267
57.8828,0.237104,0.00526793
57.9078,0.237122,0.00519192
57.9329,0.237142,0.00497292
57.9579,0.237163,0.00445379
57.9829,0.237185,0.00371769
58.008,0.23721,0.00283374
58.033,0.237228,0.00197257
58.058,0.23726,0.000794333
58.083,0.237283,-0.000258104
58.108,0.2373,-0.0017636
58.1331,0.237298,-0.00302973
58.1581,0.237306,-0.00446064
58.1831,0.237323,-0.00607182
58.2082,0.237294,-0.00753689
58.2332,0.237298,-0.00893878
58.2582,0.237286,-0.0102862
58.2832,0.23727,-0.0116036
58.3083,0.237179,-0.0129936
58.3333,0.2371,-0.0141441
58.3583,0.236872,-0.0153445
58.3833,0.23683,-0.0163153
58.4083,0.236779,-0.017091
58.4334,0.236779,-0.0177734
58.4584,0.236758,-0.0179754
58.4834,0.236753,-0.0182374
58.5084,0.236743,-0.0183648
58.5335,0.236752,-0.0182262
58.5585,0.236752,-0.017839
58.5835,0.236764,-0.0171823
58.6086,0.236788,-0.01652
58.6336,0.236797,-0.0154959
58.6586,0.236911,-0.0146004
58.6836,0.237007,-0.0134389
58.7086,0.237205,-0.0121101
58.7337,0.237239,-0.0108321
58.7587,0.237268,-0.00935707
58.7837,0.237279,-0.00775276
58.8088,0.237281,-0.00634591
58.8338,0.237288,-0.00498805
58.8588,0.237292,-0.00332367
58.8838,0.237281,-0.00205051
58.9089,0.237262,-0.000649776
58.9339,0.237261,0.000572179
58.9589,0.237248,0.00159843
58.9839,0.237205,0.0026236
59.0089,0.237211,0.00342359
59.034,0.23719,0.00415218
59.059,0.237171,0.00460387
59.084,0.237153,0.00508277
59.109,0.23714,0.00516982
59.1341,0.237135,0.00519028
59.1591,0.23712,0.0051284
59.1841,0.23709,0.00476018
59.2092,0.237074,0.00421524
59.2342,0.237087,0.00363679
59.2592,0.237096,0.00281661
59.2842,0.237118,0.00200648
59.3092,0.237134,0.00118257
59.3343,0.237153,6.01502e-05
59.3593,0.237174,-0.00111688
59.3843,0.237186,-0.00230709
59.4094,0.2372,-0.00354656
59.4344,0.237236,-0.00480365
59.4594,0.237236,-0.00592524
59.4844,0.237241,-0.00704315
59.5095,0.23726,-0.00831437
59.5345,0.237267,-0.009513
59.5595,0.237253,-0.0107311
59.5845,0.237261,-0.0115754
59.6095,0.237244,-0.0126706
59.6346,0.237221,-0.013462
59.6596,0.237153,-0.0141782
59.6846,0.23712,-0.0149
59.7096,0.237041,-0.0153667
59.7347,0.236983,-0.0158113
59.7597,0.236919,-0.0160459
59.7847,0.236928,-0.0161402
59.8098,0.236951,-0.0162039
59.8348,0.236978,-0.0161409
59.8598,0.236942,-0.0158802
59.8848,0.236983,-0.0154625
59.9098,0.237055,-0.014807
59.9349,0.237122,-0.0140777
59.9599,0.237185,-0.0134307
59.9849,0.237171,-0.012623
60.01,0.237216,-0.0115706
60.035,0.237208,-0.0107181
60.06,0.237251,-0.00951706
60.085,0.237248,-0.00835183
60.1101,0.237229,-0.00708984
60.1351,0.237231,-0.00585363
60.1601,0.237225,-0.00462537
60.1851,0.237206,-0.00350672
60.2101,0.237184,-0.00225081
60.2352,0.237186,-0.00117731
60.2602,0.23717,3.53692e-05
60.2852,0.237137,0.00101633
60.3103,0.237145,0.00198139
60.3353,0.237123,0.00275416
60.3603,0.237107,0.00344759
60.3853,0.237111,0.00393357
60.4104,0.237095,0.00450322
60.4354,0.237109,0.0046426
60.4604,0.23712,0.00479509
60.4854,0.237144,0.0047741
60.5104,0.23715,0.00453308
60.5355,0.237165,0.00417526
60.5605,0.23719,0.00363655
60.5855,0.237208,0.00276661
60.6106,0.237209,0.00200054
60.6356,0.237237,0.00111585
60.6606,0.237241,3.96182e-05
60.6856,0.237257,-0.00121013
60.7107,0.237273,-0.00250644
60.7357,0.237291,-0.00377773
60.7607,0.237282,-0.00513182
60.7857,0.237281,-0.00643777
60.8107,0.237295,-0.00796575
60.8358,0.237285,-0.00931644
60.8608,0.237252,-0.0107125
60.8858,0.237244,-0.0118945
60.9109,0.237163,-0.0129495
60.9359,0.23708,-0.0140567
60.9609,0.236907,-0.015073
60.9859,0.236838,-0.0159102
61.011,0.236813,-0.0164922
61.036,0.236786,-0.0167138
61.061,0.236761,-0.0172054
61.086,0.236761,-0.0172399
61.111,0.236768,-0.017237
61.1361,0.236792,-0.0171156
61.1611,0.236788,-0.0165935
61.1861,0.2368,-0.0159679
61.2112,0.236888,-0.0153376
61.2362,0.236916,-0.0144729
61.2612,0.237102,-0.0134339
61.2862,0.237193,-0.0123108
61.3113,0.237239,-0.0112446
61.3363,0.237275,-0.0100428
61.3613,0.23729,-0.00875571
61.3863,0.23729,-0.00740669
61.4113,0.237295,-0.00588712
61.4364,0.237292,-0.0046409
61.4614,0.237298,-0.00331089
61.4864,0.237267,-0.00206638
61.5114,0.237265,-0.00105426
61.5365,0.237246,9.08069e-05
61.5615,0.237229,0.00120975
61.5865,0.237206,0.00199911
61.6116,0.237193,0.00264735
61.6366,0.237181,0.00328455
61.6616,0.237165,0.00383599
61.6866,0.237157,0.00395578
61.7116,0.237133,0.00413911
61.7367,0.237125,0.00422523
61.7617,0.237133,0.00400139
61.7867,0.237123,0.00387266
61.8118,0.237124,0.00329256
61.8368,0.237128,0.00270337
61.8618,0.237133,0.00206421
61.8868,0.237163,0.00135529
61.9119,0.237161,0.000541451
61.9369,0.237181,-0.000542371
61.9619,0.237199,-0.00141745
61.9869,0.237217,-0.00252582
62.0119,0.237232,-0.00376447
62.037,0.237244,-0.00491831
62.062,0.23725,-0.00597963
62.087,0.237264,-0.00703392
62.112,0.237276,-0.00828155
62.1371,0.237276,-0.00940071
62.1621,0.237277,-0.0102943
62.1871,0.237279,-0.0114358
62.2122,0.237264,-0.0122078
62.2372,0.237226,-0.0131697
62.2622,0.237207,-0.0138515
62.2872,0.237141,-0.0141834
62.3122,0.237078,-0.014855
62.3373,0.237046,-0.0152724
62.3623,0.237001,-0.0154932
62.3873,0.236978,-0.0155779
62.4124,0.236979,-0.015629
62.4374,0.23697,-0.0155468
62.4624,0.237001,-0.01523
62.4874,0.237053,-0.0148355
62.5125,0.23705,-0.0142012
62.5375,0.237126,-0.0135055
62.5625,0.237169,-0.0128414
62.5875,0.237186,-0.012056
62.6125,0.23721,-0.011102
62.6376,0.237229,-0.0101516
62.6626,0.237255,-0.00896683
62.6876,0.237249,-0.0078346
62.7126,0.237235,-0.00667236
62.7377,0.237233,-0.00560088
62.7627,0.237238,-0.00439422
62.7877,0.237221,-0.00314744
62.8128,0.237209,-0.0019657
62.8378,0.237203,-0.00103474
62.8628,0.237194,6.64119e-05
62.8878,0.237177,0.00106974
62.9128,0.237167,0.00193353
62.9379,0.237161,0.00260046
62.9629,0.237154,0.00321611
62.9879,0.237151,0.00353506
63.013,0.237151,0.00390533
63.038,0.237149,0.00398177
63.063,0.237156,0.00403052
63.088,0.23717,0.00397175
63.1131,0.237183,0.00377063
63.1381,0.237184,0.00326871
63.1631,0.237188,0.00263698
63.1881,0.23721,0.00190157
63.2131,0.237232,0.00109061
63.2382,0.237234,7.99938e-05
63.2632,0.237256,-0.00102832
63.2882,0.237266,-0.00194552
63.3132,0.237276,-0.00325736
63.3383,0.237272,-0.00444368
63.3633,0.237277,-0.00578652
63.3883,0.237275,-0.00700796
63.4134,0.237279,-0.00832846
63.4384,0.23727,-0.0095487
63.4634,0.237256,-0.0108053
63.4884,0.237206,-0.0118317
63.5134,0.237156,-0.0128102
63.5385,0.237124,-0.0138831
63.5635,0.236891,-0.0145811
63.5885,0.236879,-0.0152903
63.6136,0.236845,-0.0156918
63.6386,0.236812,-0.0159643
63.6636,0.236824,-0.0161728
63.6886,0.236828,-0.0161865
63.7137,0.236824,-0.0160665
63.7387,0.236805,-0.0159479
63.7637,0.236851,-0.0153804
63.7887,0.236879,-0.0147479
63.8137,0.237043,-0.0141075
63.8388,0.237113,-0.013376
63.8638,0.23719,-0.0124557
63.8888,0.237246,-0.0114717
63.9138,0.237274,-0.0103024
63.9389,0.237275,-0.00939255
63.9639,0.237288,-0.00820139
63.9889,0.237291,-0.00697291
64.0139,0.237282,-0.00571909
64.039,0.237271,-0.0044918
64.064,0.237277,-0.00328441
64.089,0.237259,-0.00239726
64.1141,0.237246,-0.00123413
64.1391,0.237246,-0.000281078
64.1641,0.237226,0.000655306
64.1891,0.237205,0.00137026
64.2142,0.237197,0.00198731
64.2392,0.237178,0.00255629
64.2642,0.237178,0.00296975
64.2892,0.237157,0.00319572
64.3143,0.237145,0.00327648
64.3393,0.237142,0.00328441
64.3643,0.237138,0.00323136
64.3893,0.23714,0.00293886
64.4143,0.237154,0.00257173
64.4394,0.237158,0.0019617
64.4644,0.237164,0.00136289
64.4894,0.23718,0.000665982
64.5144,0.237196,-2.50918e-05
64.5395,0.237208,-0.00114544
64.5645,0.237225,-0.00193171
64.5895,0.237238,-0.00304741
64.6145,0.237251,-0.00393892
64.6396,0.237255,-0.00507097
64.6646,0.237269,-0.00622673
64.6896,0.237277,-0.00709175
64.7147,0.237282,-0.00827855
64.7397,0.237285,-0.00936504
64.7647,0.237286,-0.0102357
64.7897,0.237282,-0.0113116
64.8148,0.237266,-0.0120873
64.8398,0.237258,-0.0127877
64.8648,0.237209,-0.0134271
64.8898,0.237189,-0.0140549
64.9149,0.237108,-0.0144692
64.9399,0.237119,-0.0147073
64.9649,0.237037,-0.0150522
64.9899,0.237035,-0.0150664
65.0149,0.23701,-0.015106
65.04,0.237074,-0.0148982
65.065,0.236995,-0.0146194
65.09,0.237096,-0.0141473
65.115,0.237084,-0.0135587
65.1401,0.237125,-0.0128609
65.1651,0.237213,-0.0121945
65.1901,0.237222,-0.0114286
65.2151,0.237222,-0.0104364
65.2402,0.237245,-0.00954493
65.2652,0.237246,-0.00839316
65.2902,0.237257,-0.00752084
65.3153,0.237257,-0.00631154
65.3403,0.237249,-0.00511977
65.3653,0.23724,-0.00388556
65.3903,0.237231,-0.00306572
65.4154,0.237221,-0.00187179
65.4404,0.237218,-0.000847664
65.4654,0.2372,4.95469e-05
65.4904,0.237194,0.000837403
65.5155,0.237189,0.0015008
65.5405,0.237189,0.00221485
65.5655,0.237174,0.00264996
65.5905,0.237169,0.00301368
65.6155,0.237164,0.00326643
65.6406,0.237175,0.00329233
65.6656,0.237176,0.00328204
65.6906,0.237183,0.00320574
65.7156,0.237189,0.00267731
65.7407,0.237202,0.00226994
65.7657,0.237216,0.00160503
65.7907,0.237222,0.00083296
65.8157,0.237224,6.72652e-05
65.8408,0.237248,-0.000761249
65.8658,0.237242,-0.00184505
65.8908,0.237251,-0.0028722
65.9159,0.237265,-0.00390674
65.9409,0.23727,-0.00509315
65.9659,0.23727,-0.00636008
65.9909,0.237275,-0.00750776
66.016,0.237271,-0.00856939
66.041,0.237275,-0.00959306
66.066,0.237231,-0.0107681
66.091,0.23721,-0.0116278
66.1161,0.237173,-0.0126336
66.1411,0.237131,-0.0133729
66.1661,0.237056,-0.0139867
66.1911,0.236908,-0.0144355
66.2161,0.236915,-0.0148242
66.2412,0.236904,-0.0151911
66.2662,0.236882,-0.0152946
66.2912,0.236891,-0.0152922
66.3162,0.236889,-0.0152193
66.3413,0.236941,-0.0148318
66.3663,0.237007,-0.0143541
66.3913,0.23707,-0.0139878
66.4163,0.23715,-0.0132747
66.4414,0.237194,-0.0123627
66.4664,0.237262,-0.0115342
66.4914,0.237258,-0.0107673
66.5165,0.237275,-0.00964681
66.5415,0.237281,-0.00881869
66.5665,0.237285,-0.00763373
66.5915,0.237288,-0.00655838
66.6166,0.237281,-0.00559005
66.6416,0.23727,-0.00444984
66.6666,0.23727,-0.00337477
66.6916,0.237262,-0.00246726
66.7167,0.237252,-0.00143236
66.7417,0.237238,-0.000592467
66.7667,0.237213,7.5742e-05
66.7917,0.23721,0.000777464
66.8167,0.237197,0.00134521
66.8418,0.237188,0.00178024
66.8668,0.237167,0.0021177
66.8918,0.237171,0.00243495
66.9168,0.237164,0.00256544
66.9419,0.237162,0.00257575
66.9669,0.237148,0.00245476
66.9919,0.23716,0.00209553
67.0169,0.237157,0.00176116
67.042,0.237169,0.00133701
67.067,0.237188,0.000683889
67.092,0.237201,4.60206e-06
67.1171,0.237222,-0.000709493
67.1421,0.237227,-0.0016906
67.1671,0.23724,-0.00249673
67.1921,0.237251,-0.00338234
67.2172,0.237259,-0.00440917
67.2422,0.237278,-0.00536761
67.2672,0.237272,-0.00636226
67.2922,0.237284,-0.00746155
67.3173,0.237279,-0.00830667
67.3423,0.237286,-0.00941009
67.3673,0.237286,-0.0102056
67.3923,0.237259,-0.0109999
67.4173,0.237241,-0.0117299
67.4424,0.237235,-0.0126276
67.4674,0.237185,-0.0130278
67.4924,0.23719,-0.0134544
67.5174,0.237142,-0.0140159
67.5425,0.237116,-0.0141068
67.5675,0.23704,-0.014426
67.5925,0.237009,-0.0145103
67.6175,0.237015,-0.0144197
67.6426,0.237102,-0.0142081
67.6676,0.23712,-0.013871
67.6926,0.237133,-0.0134858
67.7177,0.237165,-0.0128521
67.7427,0.237205,-0.0121822
67.7677,0.237231,-0.0114962
67.7927,0.237237,-0.0107611
67.8178,0.237245,-0.00975554
67.8428,0.237247,-0.0088893
67.8678,0.237256,-0.00778632
67.8928,0.237252,-0.00694541
67.9179,0.237255,-0.00576206
67.9429,0.23725,-0.00483809
67.9679,0.237243,-0.00377023
67.9929,0.237236,-0.00268586
68.0179,0.237234,-0.00184175
68.043,0.237227,-0.000848189
68.068,0.23721,-9.47818e-06
68.093,0.237208,0.000673835
68.118,0.237195,0.00128424
68.1431,0.237206,0.00178228
68.1681,0.237195,0.00206136
68.1931,0.237204,0.00230299
68.2181,0.237185,0.00257339
68.2432,0.237193,0.00258254
68.2682,0.23719,0.00253332
68.2932,0.237199,0.00214657
68.3183,0.237199,0.0018719
68.3433,0.237198,0.00135521
68.3683,0.237214,0.000676185
68.3933,0.237221,-1.63171e-05
68.4184,0.237252,-0.000798985
68.4434,0.237247,-0.00180257
68.4684,0.237241,-0.00256391
68.4934,0.237258,-0.00371839
68.5185,0.23726,-0.00455453
68.5435,0.237265,-0.00568772
68.5685,0.237275,-0.00674504
68.5935,0.237273,-0.00767848
68.6185,0.237272,-0.00882999
68.6436,0.237267,-0.00962403
68.6686,0.237251,-0.0106798
68.6936,0.237259,-0.0114925
68.7186,0.237206,-0.0121805
68.7437,0.237178,-0.0128303
68.7687,0.237154,-0.0133657
68.7937,0.237059,-0.0137703
68.8187,0.237086,-0.0140467
68.8438,0.237056,-0.0141472
68.8688,0.237043,-0.0142143
68.8938,0.237056,-0.0142401
68.9189,0.237128,-0.014095
68.9439,0.237114,-0.0139203
68.9689,0.237179,-0.0134146
68.9939,0.23718,-0.0127873
69.019,0.237245,-0.0122474
69.044,0.23725,-0.0115087
69.069,0.237265,-0.0108366
69.094,0.23727,-0.0100634
69.1191,0.237275,-0.00899712
69.1441,0.237273,-0.00823049
69.1691,0.237281,-0.00718673
69.1941,0.237271,-0.00632009
69.2191,0.237273,-0.00519342
69.2442,0.237263,-0.0043787
69.2692,0.237268,-0.00335785
69.2942,0.237248,-0.00250197
69.3192,0.237238,-0.00178831
69.3443,0.237231,-0.000955569
69.3693,0.237222,-0.000369198
69.3943,0.237208,0.000403725
69.4193,0.237201,0.000748631
69.4444,0.237194,0.00123703
69.4694,0.237183,0.00142442
69.4944,0.237174,0.00164047
69.5195,0.237168,0.00179169
69.5445,0.237174,0.00179678
69.5695,0.237182,0.0014783
69.5945,0.237183,0.00135327
69.6196,0.237192,0.000809402
69.6446,0.237206,0.000575157
69.6696,0.237203,5.32011e-06
69.6946,0.237219,-0.000711679
69.7197,0.237226,-0.00131981
69.7447,0.237243,-0.00234504
69.7697,0.23725,-0.00311014
69.7947,0.237263,-0.00387689
69.8197,0.23727,-0.00494786
69.8448,0.237273,-0.00573311
69.8698,0.237289,-0.00669828
69.8948,0.237284,-0.00763088
69.9198,0.237277,-0.00843435
69.9449,0.237286,-0.00948305
69.9699,0.237281,-0.0101868
69.9949,0.237282,-0.0109225
70.0199,0.237252,-0.011524
70.045,0.237235,-0.0122368
70.07,0.237205,-0.0127464
70.095,0.237195,-0.0129706
70.1201,0.237202,-0.0134147
70.1451,0.23713,-0.0135839
70.1701,0.237103,-0.0137749
70.1951,0.237131,-0.0138315
70.2202,0.237116,-0.0136042
70.2452,0.237146,-0.0134619
70.2702,0.237159,-0.0130048
70.2952,0.237202,-0.0127149
70.3203,0.237202,-0.0121241
70.3453,0.237226,-0.011449
70.3703,0.237245,-0.0107968
70.3953,0.237247,-0.00989728
70.4203,0.23726,-0.00902288
70.4454,0.237264,-0.00823653
70.4704,0.237263,-0.0072632
70.4954,0.23726,-0.00633828
70.5204,0.237264,-0.00530914
70.5455,0.237258,-0.00442059
70.5705,0.237252,-0.00361391
70.5955,0.237245,-0.00254552
70.6205,0.237235,-0.00184206
70.6456,0.23723,-0.00108545
70.6706,0.237231,-0.00045145
70.6956,0.237208,0.000228952
70.7207,0.23721,0.000713755
70.7457,0.237204,0.00125318
70.7707,0.237196,0.00137326
70.7957,0.237199,0.00148039
70.8208,0.237201,0.00175511
70.8458,0.237205,0.00169941
70.8708,0.237201,0.00143083
70.8958,0.237204,0.00128764
70.9209,0.237215,0.000737372
70.9459,0.237228,0.000160535
70.9709,0.237222,-0.000221734
70.9959,0.237237,-0.00109659
71.0209,0.237244,-0.00174706
71.046,0.237243,-0.00252677
71.071,0.237255,-0.00327225
71.096,0.237256,-0.00437606
71.121,0.237252,-0.00512026
71.1461,0.237268,-0.00621552
71.1711,0.237271,-0.00702903
71.1961,0.237267,-0.00807085
71.2211,0.237272,-0.0088817
71.2462,0.237265,-0.00966797
71.2712,0.237248,-0.0103742
71.2962,0.23723,-0.0113166
71.3213,0.237213,-0.011706
71.3463,0.237196,-0.0123255
71.3713,0.237189,-0.0127709
71.3963,0.237171,-0.0129955
71.4214,0.23716,-0.0133857
71.4464,0.237177,-0.0134045
71.4714,0.237152,-0.013449
71.4964,0.237166,-0.0134306
71.5215,0.237167,-0.0132251
71.5465,0.237188,-0.0129395
71.5715,0.237206,-0.0125971
71.5965,0.237217,-0.0120245
71.6215,0.237238,-0.0114742
71.6466,0.237258,-0.0108031
71.6716,0.237267,-0.0101519
71.6966,0.23728,-0.00935333
71.7216,0.237282,-0.00841723
71.7467,0.237277,-0.00763039
71.7717,0.237272,-0.00688287
71.7967,0.237267,-0.00581176
71.8217,0.237261,-0.00505118
71.8468,0.237259,-0.00420037
71.8718,0.237244,-0.00326227
71.8968,0.237241,-0.00252031
71.9219,0.237234,-0.00186519
71.9469,0.237229,-0.00125127
71.9719,0.237223,-0.000607647
71.9969,0.237214,2.47224e-05
72.022,0.237214,0.00027418
72.047,0.237197,0.000638696
72.072,0.237194,0.000770952
72.097,0.237193,0.000846535
72.1221,0.237192,0.00102601
72.1471,0.237197,0.000922237
72.1721,0.237196,0.000729002
72.1971,0.237202,0.000533027
72.2221,0.237203,6.9645e-05
72.2472,0.237207,-0.00041179
72.2722,0.237225,-0.000813839
72.2972,0.237233,-0.00163619
72.3222,0.237247,-0.00226474
72.3473,0.237246,-0.00303397
72.3723,0.237249,-0.00373187
72.3973,0.237265,-0.00448141
72.4223,0.237273,-0.00529753
72.4474,0.237274,-0.00629357
72.4724,0.237278,-0.00702133
72.4974,0.237286,-0.00781259
72.5225,0.237277,-0.00875946
72.5475,0.237288,-0.00951892
72.5725,0.237276,-0.0101898
72.5975,0.237278,-0.0108516
72.6226,0.237264,-0.0114499
72.6476,0.237241,-0.0119451
72.6726,0.237217,-0.0122857
72.6976,0.237244,-0.0126984
72.7227,0.237203,-0.0128191
72.7477,0.237169,-0.012882
72.7727,0.237151,-0.0130212
72.7977,0.237158,-0.0129855
72.8227,0.237207,-0.0128128
72.8478,0.237178,-0.0126697
72.8728,0.237211,-0.0121625
72.8978,0.237216,-0.0117384
72.9228,0.237231,-0.0112634
72.9479,0.23722,-0.0105577
72.9729,0.237254,-0.00990389
72.9979,0.237262,-0.00900522
73.0229,0.237264,-0.00829303
73.048,0.237271,-0.00756524
73.073,0.237265,-0.00656412
73.098,0.237267,-0.00575016
73.1231,0.237262,-0.00500779
73.1481,0.237254,-0.00407451
73.1731,0.23725,-0.00322371
73.1981,0.237235,-0.00250686
73.2232,0.237235,-0.00187397
73.2482,0.237227,-0.00123651
73.2732,0.237218,-0.000611849
73.2982,0.237214,1.29413e-05
73.3233,0.237215,0.000176801
73.3483,0.237216,0.000575106
73.3733,0.2372,0.000731708
73.3983,0.237197,0.000750967
73.4233,0.237208,0.000764866
73.4484,0.237202,0.000741548
73.4734,0.237212,0.000592646
73.4984,0.237212,0.000191172
73.5234,0.237211,-8.45113e-05
73.5485,0.237226,-0.000625602
73.5735,0.237223,-0.00123577
73.5985,0.237233,-0.00188759
73.6235,0.237233,-0.00251227
73.6486,0.237257,-0.00329069
73.6736,0.23726,-0.00410881
73.6986,0.237258,-0.00500104
73.7237,0.237265,-0.00571584
73.7487,0.237269,-0.0065009
73.7737,0.237275,-0.00744928
73.7987,0.237275,-0.00823978
73.8238,0.237268,-0.00891437
73.8488,0.237268,-0.00962737
73.8738,0.237263,-0.0102345
73.8988,0.23725,-0.010921
73.9239,0.237241,-0.0114565
73.9489,0.237211,-0.0118182
73.9739,0.237224,-0.0121876
73.9989,0.237201,-0.0123172
74.0239,0.237227,-0.0126771
74.049,0.237208,-0.0126926
74.074,0.237205,-0.0127068
74.099,0.237217,-0.0126298
74.124,0.237213,-0.0122337
74.1491,0.237216,-0.0120143
74.1741,0.23726,-0.0115382
74.1991,0.23725,-0.011135
74.2241,0.237251,-0.010645
74.2492,0.237273,-0.0101111
74.2742,0.237274,-0.0093838
74.2992,0.237276,-0.00852165
74.3243,0.237272,-0.00775078
74.3493,0.237273,-0.0070313
74.3743,0.237265,-0.00632642
74.3993,0.237279,-0.0055636
74.4244,0.237259,-0.00478696
74.4494,0.237252,-0.00385395
74.4744,0.237249,-0.00320865
74.4994,0.237241,-0.00260251
74.5245,0.237239,-0.00192343
74.5495,0.237231,-0.00127395
74.5745,0.237224,-0.000938489
74.5995,0.237215,-0.000578767
74.6245,0.237216,-3.59606e-05
74.6496,0.237208,3.62071e-05
74.6746,0.2372,0.000143905
74.6996,0.237201,0.000205814
74.7246,0.237203,0.000220221
74.7497,0.237209,0.000129679
74.7747,0.237209,1.03017e-05
74.7997,0.237217,-0.000352512
74.8247,0.237225,-0.00067135
74.8498,0.237237,-0.00117113
74.8748,0.237238,-0.00178173
74.8998,0.237245,-0.00242823
74.9249,0.237251,-0.00302497
74.9499,0.237252,-0.00374164
74.9749,0.237259,-0.00440295
74.9999,0.237263,-0.00510433
75.025,0.237265,-0.00581828
75.05,0.237273,-0.00676405
75.075,0.23728,-0.00749223
75.1,0.237283,-0.00824003
75.1251,0.237282,-0.00887817
75.1501,0.237277,-0.00951795
75.1751,0.237271,-0.0101607
75.2001,0.237264,-0.0107248
75.2251,0.237247,-0.0111687
75.2502,0.237256,-0.011492
75.2752,0.237212,-0.011927
75.3002,0.237232,-0.0120982
75.3252,0.237189,-0.0122107
75.3503,0.237195,-0.0122567
75.3753,0.237215,-0.0122369
75.4003,0.237221,-0.0121994
75.4253,0.237189,-0.0119879
75.4504,0.237235,-0.011633
75.4754,0.237245,-0.0113805
75.5004,0.23725,-0.0108658
75.5255,0.237261,-0.0102332
75.5505,0.237263,-0.0095743
75.5755,0.237272,-0.00895715
75.6005,0.237274,-0.00827877
75.6256,0.237273,-0.00762987
75.6506,0.237267,-0.00689698
75.6756,0.237266,-0.00620544
75.7006,0.237265,-0.00519663
75.7257,0.237259,-0.00458829
75.7507,0.237256,-0.00378629
75.7757,0.237245,-0.0031501
75.8007,0.23724,-0.00248831
75.8257,0.237231,-0.00191726
75.8508,0.237231,-0.00130309
75.8758,0.237231,-0.00102442
75.9008,0.237217,-0.000611447
75.9258,0.237227,-0.000360005
75.9509,0.23722,-2.03587e-05
75.9759,0.237209,3.5341e-05
76.0009,0.237211,5.4413e-05
76.0259,0.237211,4.48509e-05
76.051,0.237213,-1.3505e-05
76.076,0.237228,-0.000483269
76.101,0.237228,-0.000629277
76.1261,0.237222,-0.00120036
76.1511,0.23723,-0.00140039
76.1761,0.237247,-0.00208437
76.2011,0.237243,-0.00275843
76.2262,0.237253,-0.00329571
76.2512,0.237251,-0.00413319
76.2762,0.237258,-0.00489048
76.3012,0.237265,-0.00562936
76.3263,0.237269,-0.00629408
76.3513,0.237274,-0.0069988
76.3763,0.237263,-0.00764967
76.4013,0.237265,-0.00835067
76.4263,0.237276,-0.00894562
76.4514,0.237271,-0.0096288
76.4764,0.237273,-0.0101642
76.5014,0.237267,-0.0107236
76.5264,0.237247,-0.0110165
76.5515,0.237253,-0.0114398
76.5765,0.237236,-0.0115637
76.6015,0.237241,-0.0116693
76.6265,0.237224,-0.0119614
76.6516,0.237224,-0.0120008
76.6766,0.237226,-0.0119369
76.7016,0.237236,-0.0117368
76.7267,0.237255,-0.0114696
76.7517,0.237244,-0.0112633
76.7767,0.237253,-0.0107669
76.8017,0.237263,-0.0102685
76.8268,0.237269,-0.00966262
76.8518,0.23727,-0.00898676
76.8768,0.237268,-0.0084975
76.9018,0.237282,-0.00770857
76.9269,0.237268,-0.00715463
76.9519,0.237265,-0.00639232
76.9769,0.237276,-0.00577759
77.0019,0.237273,-0.00512961
77.0269,0.237263,-0.00445535
77.052,0.237254,-0.0038257
77.077,0.237243,-0.00315571
77.102,0.237236,-0.00249908
77.127,0.237239,-0.00199044
77.1521,0.237228,-0.00160346
77.1771,0.237219,-0.00121145
77.2021,0.23722,-0.000994462
77.2271,0.237218,-0.000594506
77.2522,0.237214,-0.000553583
77.2772,0.237213,-0.00049646
77.3022,0.237212,-0.000480946
77.3273,0.237213,-0.000527806
77.3523,0.237215,-0.0006039
77.3773,0.237229,-0.000911001
77.4023,0.237225,-0.00120022
77.4274,0.237231,-0.00170423
77.4524,0.237224,-0.0019102
77.4774,0.23724,-0.00254413
77.5024,0.237257,-0.00318801
77.5275,0.237248,-0.00377396
77.5525,0.23726,-0.00443899
77.5775,0.23726,-0.00507015
77.6025,0.237277,-0.00574876
77.6275,0.237265,-0.00638392
77.6526,0.237269,-0.00708717
77.6776,0.237268,-0.00768951
77.7026,0.237278,-0.00839027
77.7276,0.237278,-0.00893663
77.7527,0.237279,-0.00959356
77.7777,0.23727,-0.0101312
77.8027,0.237263,-0.0103466
77.8277,0.237262,-0.0108766
77.8528,0.237248,-0.0111449
77.8778,0.237247,-0.0114473
77.9028,0.237256,-0.0115014
77.9279,0.23723,-0.0115555
77.9529,0.237236,-0.0115588
77.9779,0.237245,-0.0115004
78.0029,0.237238,-0.0114508
78.028,0.237251,-0.0110193
78.053,0.237249,-0.0108096
78.078,0.237259,-0.0102564
78.103,0.237266,-0.00999015
78.1281,0.237267,-0.00940722
78.1531,0.237269,-0.00876545
78.1781,0.237274,-0.00823245
78.2031,0.23727,-0.00754844
78.2281,0.237274,-0.00693702
78.2532,0.237264,-0.00632615
78.2782,0.237261,-0.00561978
78.3032,0.237258,-0.00489916
78.3282,0.237258,-0.00433835
78.3533,0.237242,-0.0036359
78.3783,0.237248,-0.00312054
78.4033,0.237234,-0.00248452
78.4283,0.237243,-0.00197275
78.4534,0.237235,-0.00181337
78.4784,0.237231,-0.00124984
78.5034,0.237224,-0.00116916
78.5284,0.237229,-0.00082462
78.5535,0.237225,-0.000703997
78.5785,0.237218,-0.000633383
78.6035,0.23722,-0.000647887
78.6286,0.237229,-0.000755327
78.6536,0.237219,-0.00110601
78.6786,0.237224,-0.00129109
78.7036,0.23724,-0.00160368
78.7287,0.237244,-0.00204383
78.7537,0.237237,-0.00249781
78.7787,0.237239,-0.00311861
78.8037,0.23725,-0.00374857
78.8287,0.237258,-0.00426654
78.8538,0.237272,-0.00484484
78.8788,0.237268,-0.00551513
78.9038,0.237265,-0.00594476
78.9288,0.237262,-0.006749
78.9539,0.237271,-0.0075372
78.9789,0.237275,-0.00799725
79.0039,0.23727,-0.00873881
79.0289,0.237274,-0.0089861
79.054,0.237259,-0.00961868
79.079,0.23727,-0.0100894
79.104,0.237268,-0.0102508
79.1291,0.237263,-0.0107449
79.1541,0.237251,-0.0108745
79.1791,0.237227,-0.0110148
79.2041,0.237246,-0.0112103
79.2292,0.237251,-0.0112927
79.2542,0.237232,-0.0112602
79.2792,0.237245,-0.0109984
79.3042,0.237262,-0.0108686
79.3293,0.237244,-0.0105708
79.3543,0.237272,-0.0102243
79.3793,0.237261,-0.00968822
79.4043,0.237269,-0.00950716
79.4293,0.237274,-0.0088868
79.4544,0.237276,-0.00827339
79.4794,0.237269,-0.00767682
79.5044,0.237263,-0.00704474
79.5294,0.237267,-0.00640845
79.5545,0.237269,-0.00576195
79.5795,0.237267,-0.00515683
79.6045,0.237266,-0.0045132
79.6295,0.237269,-0.0041163
79.6546,0.237245,-0.00352703
79.6796,0.237244,-0.00311075
79.7046,0.237243,-0.00259643
79.7296,0.237243,-0.00209611
79.7547,0.237229,-0.00188236
79.7797,0.23723,-0.00144889
79.8047,0.237226,-0.00128873
79.8298,0.23723,-0.00120991
79.8548,0.237227,-0.00117223
79.8798,0.237231,-0.00115442
79.9048,0.237228,-0.00117706
79.9299,0.237232,-0.00124747
79.9549,0.23724,-0.00132028
79.9799,0.237232,-0.0018422
80.0049,0.237243,-0.00201702
80.0299,0.237242,-0.00252489
80.055,0.237254,-0.00297511
80.08,0.237261,-0.00358468
80.105,0.237254,-0.00386173
80.13,0.237268,-0.00451884
80.1551,0.237262,-0.00508127
80.1801,0.237266,-0.00575326
80.2051,0.237267,-0.00632644
80.2301,0.237267,-0.00697024
80.2552,0.237267,-0.00760001
80.2802,0.237277,-0.00816226
80.3052,0.237273,-0.00862019
80.3303,0.237272,-0.00902802
80.3553,0.237277,-0.00952922
80.3803,0.237277,-0.0100744
80.4053,0.237268,-0.0102224
80.4304,0.237249,-0.0105109
80.4554,0.237258,-0.0107733
80.4804,0.237254,-0.0108459
80.5054,0.237255,-0.0108618
80.5305,0.237263,-0.0108672
80.5555,0.237268,-0.0108395
80.5805,0.237255,-0.0107331
80.6055,0.237248,-0.0103981
80.6305,0.237271,-0.0101598
80.6556,0.237265,-0.00979174
80.6806,0.237263,-0.00944196
80.7056,0.237274,-0.00894143
80.7306,0.237273,-0.00833171
80.7557,0.237274,-0.00779015
80.7807,0.237272,-0.00740517
80.8057,0.23726,-0.00670486
80.8307,0.23727,-0.00627758
80.8558,0.237268,-0.005619
80.8808,0.237258,-0.00505722
80.9058,0.237254,-0.00442368
80.9309,0.23725,-0.00387274
80.9559,0.237255,-0.00363873
80.9809,0.237245,-0.00306328
81.0059,0.237236,-0.00257343
81.031,0.237243,-0.00218977
81.056,0.237236,-0.00196585
81.081,0.237236,-0.00175293
81.106,0.237237,-0.00165335
81.1311,0.237224,-0.00135079
81.1561,0.237227,-0.00131587
81.1811,0.237225,-0.00132239
81.2061,0.237231,-0.00138029
81.2311,0.237239,-0.00180445
81.2562,0.237233,-0.00187442
81.2812,0.237244,-0.00239424
81.3062,0.237243,-0.00253303
81.3312,0.237251,-0.00309316
81.3563,0.237252,-0.00336417
81.3813,0.237259,-0.00388655
81.4063,0.237265,-0.00451097
81.4313,0.237264,-0.00505026
81.4564,0.237258,-0.00567294
81.4814,0.23727,-0.0061823
81.5064,0.237258,-0.00677758
81.5315,0.237275,-0.00712491
81.5565,0.237278,-0.00765431
81.5815,0.237277,-0.00827017
81.6065,0.237292,-0.00880214
81.6316,0.237271,-0.00905692
81.6566,0.237272,-0.00952361
81.6816,0.237258,-0.00975672
81.7066,0.237277,-0.0101435
81.7317,0.237267,-0.0102493
81.7567,0.23725,-0.0103346
81.7817,0.237262,-0.0105591
81.8067,0.237246,-0.0105855
81.8317,0.237255,-0.010469
81.8568,0.23726,-0.0103268
81.8818,0.237274,-0.010207
81.9068,0.237269,-0.0100635
81.9318,0.237274,-0.00957445
81.9569,0.237266,-0.00934335
81.9819,0.237275,-0.00889808
82.0069,0.237267,-0.00843859
82.0319,0.237266,-0.00800256
82.057,0.237263,-0.0076003
82.082,0.237266,-0.00697384
82.107,0.237274,-0.0063662
82.1321,0.237259,-0.0058216
82.1571,0.237265,-0.00517277
82.1821,0.237262,-0.00488846
82.2071,0.237254,-0.00433983
82.2322,0.237248,-0.00381349
82.2572,0.237251,-0.00349094
82.2822,0.237245,-0.0030721
82.3072,0.237238,-0.00263325
82.3323,0.237247,-0.0024516
82.3573,0.237251,-0.00222463
82.3823,0.237226,-0.00188453
82.4073,0.237232,-0.00185135
82.4323,0.237232,-0.00182587
82.4574,0.237231,-0.00181431
82.4824,0.237232,-0.00183692
82.5074,0.237233,-0.00187469
82.5324,0.237246,-0.00215362
82.5575,0.237241,-0.00242998
82.5825,0.237244,-0.0026293
82.6075,0.237252,-0.00307592
82.6325,0.237255,-0.00352487
82.6576,0.237257,-0.00381162
82.6826,0.237257,-0.00441327
82.7076,0.237265,-0.00498944
82.7327,0.23727,-0.00529213
82.7577,0.237264,-0.00591799
82.7827,0.237271,-0.00636904
82.8077,0.237268,-0.00696566
82.8328,0.237275,-0.00749701
82.8578,0.237274,-0.00770936
82.8828,0.237274,-0.00830287
82.9078,0.237267,-0.00876626
82.9329,0.237263,-0.00908589
82.9579,0.237271,-0.00946469
82.9829,0.237262,-0.00966864
83.0079,0.237262,-0.00993647
83.0329,0.237262,-0.0101601
83.058,0.23727,-0.0101928
83.083,0.237265,-0.0102176
83.108,0.23727,-0.0102106
83.133,0.237265,-0.0101882
83.1581,0.237268,-0.0101152
83.1831,0.237253,-0.009707
83.2081,0.237266,-0.00957713
83.2331,0.237263,-0.00912719
83.2582,0.237274,-0.00892983
83.2832,0.237268,-0.00837127
83.3082,0.237262,-0.00819186
83.3333,0.237278,-0.00760487
83.3583,0.237269,-0.00706429
83.3833,0.237266,-0.00651407
83.4083,0.237272,-0.00624782
83.4334,0.237268,-0.00566337
83.4584,0.237258,-0.00510733
83.4834,0.237259,-0.00454778
83.5084,0.237267,-0.00403511
83.5335,0.237248,-0.00376485
83.5585,0.237259,-0.00337649
83.5835,0.237248,-0.0030931
83.6085,0.237245,-0.00269789
83.6335,0.237238,-0.00250661
83.6586,0.237242,-0.0023759
83.6836,0.237247,-0.00215681
83.7086,0.237246,-0.00201154
83.7336,0.237243,-0.0019632
83.7587,0.237246,-0.00198941
83.7837,0.237241,-0.0021762
83.8087,0.237248,-0.002363
83.8337,0.237235,-0.00252547
83.8588,0.237238,-0.00269853
83.8838,0.237259,-0.00315938
83.9088,0.237255,-0.00345823
83.9339,0.237246,-0.00384545
83.9589,0.237258,-0.00442733
83.9839,0.237265,-0.00481079
84.0089,0.237262,-0.0051126
84.034,0.237267,-0.00571982
84.059,0.237267,-0.00631093
84.084,0.237272,-0.00660634
84.109,0.237271,-0.00701147
84.1341,0.237273,-0.00762326
84.1591,0.237268,-0.0079404
84.1841,0.237276,-0.00836988
84.2091,0.237283,-0.00882941
84.2341,0.237268,-0.0089853
84.2592,0.237267,-0.00939695
84.2842,0.237282,-0.00957344
84.3092,0.237267,-0.00966306
84.3342,0.237262,-0.00986843
84.3593,0.237264,-0.00993228
84.3843,0.237262,-0.00998763
84.4093,0.237255,-0.00997708
84.4343,0.23726,-0.00969629
84.4594,0.237271,-0.00962159
84.4844,0.23727,-0.00945292
84.5094,0.237283,-0.00906868
84.5344,0.237273,-0.00887749
84.5595,0.237267,-0.00848766
84.5845,0.237278,-0.00809759
84.6095,0.23727,-0.00766467
84.6346,0.23727,-0.00710124
84.6596,0.237273,-0.00691833
84.6846,0.237262,-0.00631114
84.7096,0.237267,-0.00583026
84.7347,0.237263,-0.00529412
84.7597,0.237263,-0.00502396
84.7847,0.237255,-0.00445176
84.8097,0.237267,-0.00419108
84.8347,0.237253,-0.00374848
84.8598,0.237257,-0.00343281
84.8848,0.237248,-0.00311033
84.9098,0.23725,-0.00290518
84.9348,0.237241,-0.00257
84.9599,0.237237,-0.00250823
84.9849,0.237237,-0.00246371
85.0099,0.237239,-0.00243717
85.0349,0.237239,-0.00243101
85.06,0.237243,-0.00246845
85.085,0.237241,-0.00254277
85.11,0.23724,-0.00259129
85.1351,0.237251,-0.00307699
85.1601,0.23725,-0.00318903
85.1851,0.237251,-0.00367879
85.2101,0.23725,-0.00383075
85.2352,0.237257,-0.00437041
85.2602,0.237248,-0.00454644
85.2852,0.237265,-0.00509916
85.3102,0.237272,-0.0055669
85.3353,0.237261,-0.00601211
85.3603,0.237266,-0.00636612
85.3853,0.237272,-0.0069544
85.4103,0.237271,-0.00719182
85.4353,0.237274,-0.00768476
85.4604,0.237274,-0.00810107
85.4854,0.237269,-0.0084108
85.5104,0.237268,-0.00878643
85.5354,0.237262,-0.0089775
85.5605,0.237262,-0.00909773
85.5855,0.237269,-0.00948433
85.6105,0.23728,-0.00954728
85.6355,0.237271,-0.0095925
85.6606,0.237273,-0.00959392
85.6856,0.237272,-0.00958544
85.7106,0.237274,-0.00956096
85.7356,0.237274,-0.00948083
85.7607,0.237265,-0.00925984
85.7857,0.237275,-0.00895233
85.8107,0.23727,-0.00872423
85.8358,0.237272,-0.00834483
85.8608,0.237276,-0.00817316
85.8858,0.237272,-0.00763557
85.9108,0.237269,-0.00734984
85.9359,0.237272,-0.00692626
85.9609,0.237267,-0.00641304
85.9859,0.237268,-0.00589999
86.0109,0.237262,-0.00567568
86.0359,0.237261,-0.00509372
86.061,0.237265,-0.0049216
86.086,0.237254,-0.00441815
86.111,0.237257,-0.00404449
86.136,0.237243,-0.00375253
86.1611,0.237247,-0.00341128
86.1861,0.237245,-0.0031528
86.2111,0.237247,-0.00304022
86.2361,0.237249,-0.00277944
86.2612,0.237252,-0.00264149
86.2862,0.237238,-0.00256908
86.3112,0.237237,-0.00257817
86.3363,0.237246,-0.00258314
86.3613,0.237247,-0.0026334
86.3863,0.237252,-0.00305056
86.4113,0.237252,-0.00313319
86.4364,0.237246,-0.00328207
86.4614,0.237255,-0.00370258
86.4864,0.237256,-0.00389214
86.5114,0.237258,-0.00433833
86.5365,0.237261,-0.00467697
86.5615,0.237265,-0.00505159
