0.025025   -0.672857   -0.620677
0.05005   -0.672791   -0.62254
0.075075   -0.672673   -0.624369
0.1001   -0.672726   -0.625559
0.125125   -0.673589   -0.627577
0.15015   -0.673415   -0.627565
0.175175   -0.673183   -0.627465
0.2002   -0.673228   -0.627559
0.225225   -0.673462   -0.627732
0.25025   -0.673636   -0.627806
0.275275   -0.67357   -0.627623
0.3003   -0.673509   -0.627424
0.325325   -0.673459   -0.627217
0.35035   -0.673586   -0.627353
0.375375   -0.673707   -0.627437
0.4004   -0.673336   -0.627338
0.425425   -0.672861   -0.626681
0.45045   -0.672533   -0.625741
0.475475   -0.667139   -0.621404
0.5005   -0.659522   -0.613355
0.525525   -0.646484   -0.600188
0.55055   -0.629416   -0.579653
0.575575   -0.610278   -0.553116
0.6006   -0.584864   -0.520065
0.625625   -0.555142   -0.480871
0.65065   -0.52449   -0.437714
0.675675   -0.489247   -0.388966
0.7007   -0.451617   -0.335116
0.725725   -0.412301   -0.279552
0.75075   -0.364507   -0.216496
0.775775   -0.31944   -0.152779
0.8008   -0.270839   -0.0879575
0.825825   -0.215955   -0.0218609
0.85085   -0.15946   0.051216
0.875875   -0.10117   0.120005
0.9009   -0.0420634   0.188188
0.925925   0.0174646   0.255404
0.95095   0.0757344   0.316755
0.975975   0.136698   0.376958
1.001   0.190347   0.429983
1.02602   0.240281   0.47593
1.05105   0.285902   0.516946
1.07607   0.328279   0.551309
1.1011   0.363001   0.577722
1.12613   0.388967   0.594211
1.15115   0.405473   0.6029
1.17617   0.414507   0.601797
1.2012   0.414674   0.59381
1.22622   0.403187   0.575844
1.25125   0.381066   0.546939
1.27628   0.354631   0.512427
1.3013   0.313151   0.466213
1.32632   0.260942   0.410724
1.35135   0.202268   0.347576
1.37637   0.135917   0.274734
1.4014   0.0636458   0.198332
1.42643   -0.0197801   0.116596
1.45145   -0.103664   0.0296718
1.47647   -0.191488   -0.0609269
1.5015   -0.277629   -0.150624
1.52652   -0.357251   -0.234626
1.55155   -0.435705   -0.315826
1.57658   -0.504409   -0.388897
1.6016   -0.569168   -0.457315
1.62662   -0.624612   -0.51688
1.65165   -0.671984   -0.56647
1.67667   -0.712452   -0.609281
1.7017   -0.743446   -0.642137
1.72673   -0.766748   -0.66648
1.75175   -0.782124   -0.683241
1.77677   -0.788769   -0.689332
1.8018   -0.788855   -0.688874
1.82682   -0.781943   -0.679278
1.85185   -0.766152   -0.662258
1.87688   -0.742843   -0.634989
1.9019   -0.712188   -0.60095
1.92692   -0.672928   -0.556546
1.95195   -0.626648   -0.504563
1.97697   -0.569621   -0.443915
2.002   -0.503511   -0.372521
2.02703   -0.435041   -0.299041
2.05205   -0.354892   -0.21528
2.07707   -0.270501   -0.12767
2.1021   -0.1832   -0.036489
2.12712   -0.0918405   0.0558475
2.15215   -0.00682014   0.140948
2.17718   0.0783542   0.223775
2.2022   0.157238   0.304622
2.22722   0.22633   0.374757
2.25225   0.285858   0.43624
2.27727   0.336287   0.489798
2.3023   0.37834   0.534075
2.32733   0.405641   0.566952
2.35235   0.426228   0.592299
2.37737   0.435064   0.606778
2.4024   0.435499   0.613667
2.42742   0.423992   0.609808
2.45245   0.403416   0.597894
2.47748   0.370409   0.575877
2.5025   0.333154   0.546058
2.52752   0.285426   0.506885
2.55255   0.235148   0.462721
2.57757   0.177078   0.410636
2.6026   0.114242   0.351901
2.62763   0.0525609   0.29021
2.65265   -0.0120611   0.223155
2.67767   -0.0758285   0.153597
2.7027   -0.135284   0.0845224
2.72772   -0.196329   0.0131503
2.75275   -0.251387   -0.0548658
2.77778   -0.303054   -0.119041
2.8028   -0.353737   -0.186863
2.82782   -0.402186   -0.251437
2.85285   -0.444735   -0.309066
2.87787   -0.481255   -0.362318
2.9029   -0.515692   -0.412431
2.92793   -0.545823   -0.456223
2.95295   -0.573874   -0.495037
2.97797   -0.595909   -0.526213
3.003   -0.61502   -0.553693
3.02802   -0.627886   -0.572451
3.05305   -0.63754   -0.586627
3.07808   -0.644505   -0.594006
3.1031   -0.646059   -0.594808
3.12812   -0.643661   -0.590061
3.15315   -0.637015   -0.578699
3.17817   -0.622891   -0.559248
3.2032   -0.606504   -0.533399
3.22823   -0.587636   -0.503665
3.25325   -0.562892   -0.467572
3.27827   -0.535071   -0.426174
3.3033   -0.500941   -0.378027
3.32832   -0.462658   -0.323992
3.35335   -0.421134   -0.266138
3.37838   -0.373753   -0.203223
3.4034   -0.32335   -0.137058
3.42842   -0.268588   -0.0694228
3.45345   -0.211908   -0.00221301
3.47847   -0.148109   0.0717889
3.5035   -0.0872467   0.140922
3.52853   -0.0189897   0.212916
3.55355   0.0447364   0.279479
3.57857   0.111843   0.344128
3.6036   0.173814   0.402278
3.62862   0.234738   0.457287
3.65365   0.287307   0.503896
3.67868   0.332548   0.541527
3.7037   0.370951   0.570917
3.72872   0.402509   0.594367
3.75375   0.425   0.607471
3.77877   0.436203   0.611415
3.8038   0.43755   0.605967
3.82883   0.427488   0.590288
3.85385   0.410112   0.567238
3.87887   0.379673   0.533861
3.9039   0.339233   0.490785
3.92893   0.285934   0.436729
3.95395   0.225843   0.375146
3.97898   0.153737   0.303725
4.004   0.0778676   0.227894
4.02902   -0.00533755   0.147017
4.05405   -0.0915   0.0635415
4.07907   -0.179916   -0.0269782
4.1041   -0.263845   -0.116406
4.12913   -0.344586   -0.202129
4.15415   -0.422834   -0.283241
4.17917   -0.492275   -0.357197
4.2042   -0.55567   -0.425116
4.22922   -0.60861   -0.484839
4.25425   -0.655561   -0.535407
4.27928   -0.692687   -0.578317
4.3043   -0.722607   -0.6122
4.32932   -0.744912   -0.637117
4.35435   -0.760643   -0.655737
4.37937   -0.767126   -0.665166
4.4044   -0.767093   -0.666161
4.42943   -0.760274   -0.659768
4.45445   -0.744689   -0.643078
4.47947   -0.721021   -0.61877
4.5045   -0.690842   -0.587086
4.52952   -0.651619   -0.546451
4.55455   -0.607317   -0.498143
4.57958   -0.553865   -0.441783
4.6046   -0.495017   -0.378286
4.62962   -0.424138   -0.305204
4.65465   -0.353336   -0.229385
4.67967   -0.279077   -0.149273
4.7047   -0.199853   -0.0662869
4.72973   -0.120718   0.0179492
4.75475   -0.0430806   0.100768
4.77977   0.0326668   0.178835
4.8048   0.103009   0.250452
4.82982   0.166106   0.319687
4.85485   0.222688   0.37905
4.87988   0.270818   0.432113
4.9049   0.308339   0.476047
4.92992   0.338527   0.511882
4.95495   0.359449   0.53816
4.97997   0.368861   0.55622
5.005   0.370062   0.566377
5.03003   0.366946   0.568394
5.05505   0.354043   0.562266
5.08007   0.332139   0.54795
5.1051   0.301949   0.52456
5.13012   0.270937   0.496647
5.15515   0.232627   0.461693
5.18018   0.186442   0.418563
5.2052   0.137275   0.370285
5.23022   0.0874988   0.317895
5.25525   0.0323808   0.259661
5.28027   -0.0209397   0.199294
5.3053   -0.0761871   0.135815
5.33033   -0.130027   0.0704164
5.35535   -0.183226   0.00553337
5.38037   -0.235069   -0.0566001
5.4054   -0.284362   -0.120199
5.43042   -0.333042   -0.186611
5.45545   -0.377747   -0.24647
5.48048   -0.415873   -0.300985
5.5055   -0.455562   -0.352405
5.53052   -0.492799   -0.401744
5.55555   -0.527486   -0.446661
5.58057   -0.556722   -0.485182
5.6056   -0.581635   -0.516931
5.63063   -0.602654   -0.542243
5.65565   -0.619678   -0.562612
5.68067   -0.634125   -0.577758
5.7057   -0.64143   -0.584313
5.73072   -0.642623   -0.584406
5.75575   -0.642185   -0.578166
5.78078   -0.636061   -0.565426
5.8058   -0.626699   -0.547838
5.83082   -0.609147   -0.520543
5.85585   -0.591676   -0.491383
5.88087   -0.56581   -0.453569
5.9059   -0.536211   -0.40962
5.93093   -0.500089   -0.360591
5.95595   -0.456339   -0.303467
5.98097   -0.410805   -0.243396
6.006   -0.357632   -0.17752
6.03102   -0.302108   -0.108282
6.05605   -0.238633   -0.0403997
6.08108   -0.171219   0.0356972
6.1061   -0.103868   0.108648
6.13112   -0.0296728   0.184282
6.15615   0.0407532   0.255923
6.18117   0.112222   0.324255
6.2062   0.183118   0.389342
6.23123   0.245301   0.446517
6.25625   0.300557   0.493747
6.28127   0.350866   0.537123
6.3063   0.39046   0.569442
6.33132   0.423603   0.595109
6.35635   0.445825   0.609484
6.38138   0.457892   0.615161
6.4064   0.458694   0.612137
6.43142   0.448088   0.598042
6.45645   0.430211   0.575947
6.48147   0.399016   0.543976
6.5065   0.356293   0.500987
6.53153   0.305904   0.450407
6.55655   0.246348   0.393123
6.58157   0.174556   0.323727
6.6066   0.101214   0.250088
6.63162   0.0153557   0.166589
6.65665   -0.0685736   0.0858186
6.68168   -0.155012   -0.000544523
6.7067   -0.236179   -0.0828274
6.73172   -0.31693   -0.170096
6.75675   -0.392131   -0.249246
6.78177   -0.460285   -0.322733
6.8068   -0.518289   -0.386854
6.83183   -0.572513   -0.447359
6.85685   -0.61568   -0.496579
6.88187   -0.654452   -0.541044
6.9069   -0.681012   -0.573591
6.93192   -0.703426   -0.600357
6.95695   -0.720235   -0.620731
6.98198   -0.726219   -0.631124
7.007   -0.726368   -0.633548
7.03202   -0.719951   -0.628275
7.05705   -0.70389   -0.614674
7.08207   -0.680165   -0.592584
7.1071   -0.652983   -0.563767
7.13213   -0.616553   -0.526531
7.15715   -0.569885   -0.480203
7.18217   -0.5235   -0.428994
7.2072   -0.469281   -0.37226
7.23222   -0.409847   -0.305736
7.25725   -0.342951   -0.235745
7.28228   -0.274778   -0.161649
7.3073   -0.203573   -0.0856232
7.33232   -0.131745   -0.00824524
7.35735   -0.0628277   0.0681075
7.38237   0.00659722   0.143289
7.4074   0.0665835   0.207189
7.43243   0.126414   0.274144
7.45745   0.178159   0.331965
7.48247   0.222081   0.384104
7.5075   0.258546   0.427398
7.53252   0.288711   0.464288
7.55755   0.313291   0.495016
7.58258   0.330137   0.517915
7.6076   0.337168   0.531692
7.63262   0.341177   0.540447
7.65765   0.333628   0.539389
7.68267   0.319935   0.530664
7.7077   0.304684   0.518966
7.73273   0.280601   0.49784
7.75775   0.249798   0.469812
7.78277   0.216766   0.435945
7.8078   0.180984   0.39852
7.83282   0.13897   0.352211
7.85785   0.097943   0.304059
7.88288   0.0517775   0.25162
7.9079   0.00129698   0.193311
7.93293   -0.0461166   0.134235
7.95795   -0.0951556   0.0743125
7.98297   -0.145674   0.0140878
8.008   -0.194946   -0.0470444
8.03303   -0.245729   -0.115858
8.05805   -0.295822   -0.177733
8.08307   -0.342086   -0.236648
8.1081   -0.389165   -0.294296
8.13312   -0.430642   -0.346442
8.15815   -0.470998   -0.394996
8.18318   -0.507156   -0.437921
8.2082   -0.53856   -0.476148
8.23322   -0.564535   -0.506354
8.25825   -0.589467   -0.532327
8.28327   -0.607837   -0.55181
8.3083   -0.621398   -0.564128
8.33333   -0.629855   -0.569462
8.35835   -0.631252   -0.567787
8.38338   -0.629516   -0.560536
8.4084   -0.622973   -0.546958
8.43342   -0.611454   -0.524319
8.45845   -0.593386   -0.496979
8.48348   -0.568108   -0.460949
8.5085   -0.539665   -0.421455
8.53353   -0.503688   -0.372361
8.55855   -0.461261   -0.319791
8.58357   -0.414585   -0.259449
8.6086   -0.358751   -0.192742
8.63363   -0.30325   -0.122948
8.65865   -0.238904   -0.054085
8.68368   -0.171521   0.0186517
8.7087   -0.103486   0.0922447
8.73372   -0.0272921   0.169257
8.75875   0.0437424   0.241176
8.78378   0.11662   0.310781
8.8088   0.187586   0.376075
8.83383   0.248784   0.432705
8.85885   0.305389   0.482659
8.88387   0.353698   0.526083
8.9089   0.396533   0.560782
8.93393   0.424536   0.585047
8.95895   0.445066   0.600112
8.98398   0.455883   0.607123
9.009   0.455913   0.604307
9.03402   0.444314   0.591496
9.05905   0.421919   0.569151
9.08408   0.390004   0.538192
9.1091   0.35127   0.499205
9.13412   0.29555   0.448251
9.15915   0.236126   0.39129
9.18417   0.16489   0.323668
9.2092   0.0926857   0.253541
9.23423   0.0119   0.174124
9.25925   -0.0699744   0.094416
9.28427   -0.150826   0.0136548
9.3093   -0.230448   -0.0651965
9.33432   -0.304349   -0.144749
9.35935   -0.375584   -0.22171
9.38438   -0.436011   -0.290312
9.4094   -0.493751   -0.354213
9.43442   -0.543596   -0.411736
9.45945   -0.584226   -0.460124
9.48447   -0.617125   -0.501591
9.5095   -0.647488   -0.5383
9.53453   -0.666009   -0.564584
9.55955   -0.679154   -0.583052
9.58457   -0.687255   -0.596283
9.6096   -0.689067   -0.600367
9.63462   -0.681723   -0.596983
9.65965   -0.670632   -0.587797
9.68468   -0.64889   -0.568703
9.7097   -0.622652   -0.542585
9.73472   -0.590058   -0.510017
9.75975   -0.552563   -0.470385
9.78477   -0.508982   -0.423241
9.8098   -0.460291   -0.370867
9.83483   -0.408898   -0.313978
9.85985   -0.352559   -0.250633
9.88487   -0.29442   -0.186313
9.9099   -0.23116   -0.116382
9.93492   -0.169537   -0.0464863
9.95995   -0.114542   0.019832
9.98498   -0.0500328   0.0922773
10.01   0.00170779   0.151506
10.035   0.0548357   0.213068
10.0601   0.103845   0.270497
10.0851   0.148928   0.322597
10.1101   0.185938   0.367507
10.1351   0.218865   0.406841
10.1601   0.244242   0.439539
10.1852   0.266607   0.466574
10.2102   0.28102   0.48542
10.2352   0.291089   0.49905
10.2602   0.293179   0.505712
10.2853   0.292166   0.506386
10.3103   0.281708   0.498432
10.3353   0.269357   0.485482
10.3604   0.24861   0.465167
10.3854   0.223289   0.438508
10.4104   0.196484   0.406516
10.4354   0.163609   0.369575
10.4604   0.127676   0.327439
10.4855   0.0899696   0.281742
10.5105   0.0469125   0.22941
10.5355   0.000739818   0.173662
10.5605   -0.0487864   0.115185
10.5856   -0.0954838   0.0581324
10.6106   -0.148281   -0.00416452
10.6356   -0.19945   -0.0699295
10.6607   -0.249884   -0.13251
10.6857   -0.302727   -0.194722
10.7107   -0.352402   -0.254182
10.7357   -0.39772   -0.308836
10.7607   -0.445775   -0.362085
10.7858   -0.483511   -0.407793
10.8108   -0.522462   -0.450221
10.8358   -0.553248   -0.485259
10.8608   -0.581406   -0.515191
10.8859   -0.606147   -0.538944
10.9109   -0.621763   -0.553696
10.9359   -0.635203   -0.563342
10.961   -0.640254   -0.565169
10.986   -0.641712   -0.560782
11.011   -0.640231   -0.550294
11.036   -0.626949   -0.530759
11.061   -0.610129   -0.505583
11.0861   -0.586729   -0.472851
11.1111   -0.556312   -0.434412
11.1361   -0.519683   -0.388241
11.1611   -0.47963   -0.33682
11.1862   -0.430674   -0.277577
11.2112   -0.375327   -0.213875
11.2362   -0.316248   -0.143062
11.2613   -0.251909   -0.07336
11.2863   -0.18213   -0.00121506
11.3113   -0.108422   0.0743969
11.3363   -0.0332819   0.150464
11.3613   0.0371046   0.222064
11.3864   0.112279   0.292488
11.4114   0.183085   0.358475
11.4364   0.24471   0.415441
11.4614   0.300772   0.465894
11.4865   0.350764   0.509977
11.5115   0.387893   0.543946
11.5365   0.417902   0.56889
11.5616   0.43572   0.583702
11.5866   0.443909   0.590599
11.6116   0.443535   0.589175
11.6366   0.430938   0.577728
11.6616   0.409076   0.557351
11.6867   0.375802   0.527818
11.7117   0.331282   0.487272
11.7367   0.282436   0.441626
11.7617   0.223777   0.387795
11.7868   0.158324   0.325641
11.8118   0.0897879   0.259221
11.8368   0.0125183   0.18515
11.8619   -0.0614722   0.110414
11.8869   -0.140589   0.0315482
11.9119   -0.214177   -0.0414023
11.9369   -0.284045   -0.114594
11.9619   -0.347723   -0.188012
11.987   -0.408044   -0.256918
12.012   -0.463527   -0.319734
12.037   -0.50822   -0.373416
12.062   -0.548492   -0.421793
12.0871   -0.581157   -0.463845
12.1121   -0.608127   -0.498837
12.1371   -0.627775   -0.526132
12.1622   -0.640619   -0.545919
12.1872   -0.648605   -0.559673
12.2122   -0.649265   -0.566676
12.2372   -0.644818   -0.565133
12.2622   -0.634036   -0.557269
12.2873   -0.615357   -0.54186
12.3123   -0.592077   -0.519644
12.3373   -0.565866   -0.491875
12.3623   -0.52995   -0.455453
12.3874   -0.494853   -0.415552
12.4124   -0.453445   -0.370106
12.4374   -0.407574   -0.317299
12.4625   -0.357988   -0.260847
12.4875   -0.305557   -0.201733
12.5125   -0.252198   -0.1398
12.5375   -0.195889   -0.0761609
12.5625   -0.142682   -0.0115889
12.5876   -0.0893853   0.0522253
12.6126   -0.0371462   0.112314
12.6376   0.0118867   0.169819
12.6626   0.0564866   0.224183
12.6877   0.102119   0.276785
12.7127   0.139011   0.322479
12.7377   0.175022   0.363958
12.7628   0.203707   0.399787
12.7878   0.231448   0.43097
12.8128   0.249623   0.454371
12.8378   0.268733   0.473775
12.8628   0.280875   0.486615
12.8879   0.282411   0.490441
12.9129   0.282722   0.490543
12.9379   0.278838   0.484241
12.9629   0.266691   0.46983
12.988   0.252773   0.452081
13.013   0.234151   0.427246
13.038   0.207859   0.395855
13.0631   0.174906   0.357707
13.0881   0.139482   0.315337
13.1131   0.101866   0.267918
13.1381   0.0556372   0.215064
13.1631   0.00871611   0.15785
13.1882   -0.0400835   0.102899
13.2132   -0.093731   0.0416622
13.2382   -0.150384   -0.0262135
13.2632   -0.205363   -0.091167
13.2883   -0.260849   -0.154663
13.3133   -0.3141   -0.216011
13.3383   -0.366205   -0.275181
13.3634   -0.415902   -0.330874
13.3884   -0.46189   -0.380667
13.4134   -0.503738   -0.426821
13.4384   -0.538829   -0.464546
13.4634   -0.572749   -0.498502
13.4885   -0.598597   -0.523692
13.5135   -0.618538   -0.543264
13.5385   -0.633558   -0.555393
13.5635   -0.641536   -0.560558
13.5886   -0.64213   -0.556991
13.6136   -0.638781   -0.548803
13.6386   -0.629747   -0.533248
13.6637   -0.613521   -0.50997
13.6887   -0.588297   -0.47713
13.7137   -0.555818   -0.43788
13.7387   -0.522287   -0.395954
13.7637   -0.479555   -0.345422
13.7888   -0.428388   -0.288
13.8138   -0.372569   -0.224253
13.8388   -0.312646   -0.155625
13.8638   -0.247317   -0.083629
13.8889   -0.174732   -0.00998825
13.9139   -0.105219   0.0614505
13.9389   -0.0273825   0.136853
13.964   0.0439954   0.210127
13.989   0.114968   0.277643
14.014   0.182086   0.341661
14.039   0.242603   0.398092
14.064   0.294989   0.447725
14.0891   0.339195   0.4883
14.1141   0.374159   0.521987
14.1391   0.399973   0.546596
14.1641   0.417489   0.562645
14.1892   0.421281   0.56777
14.2142   0.41894   0.56675
14.2392   0.406283   0.555881
14.2643   0.384527   0.536467
14.2893   0.350855   0.507874
14.3143   0.312014   0.471539
14.3393   0.267232   0.430248
14.3643   0.211096   0.378567
14.3894   0.149698   0.321275
14.4144   0.0830123   0.257306
14.4394   0.0146396   0.189688
14.4644   -0.0555302   0.118925
14.4895   -0.126146   0.0471916
14.5145   -0.193947   -0.022441
14.5395   -0.257825   -0.0907677
14.5646   -0.318353   -0.158461
14.5896   -0.370453   -0.221754
14.6146   -0.419951   -0.281092
14.6396   -0.463983   -0.334275
14.6646   -0.503621   -0.381883
14.6897   -0.534232   -0.422973
14.7147   -0.561331   -0.458533
14.7397   -0.579955   -0.486765
14.7647   -0.592646   -0.507344
14.7898   -0.602309   -0.52267
14.8148   -0.606489   -0.532298
14.8398   -0.604398   -0.533667
14.8649   -0.597481   -0.529738
14.8899   -0.583462   -0.518097
14.9149   -0.567861   -0.501704
14.9399   -0.542173   -0.476794
14.9649   -0.513602   -0.445941
14.99   -0.48355   -0.41143
15.015   -0.446246   -0.368538
15.04   -0.409436   -0.324538
15.065   -0.366543   -0.274839
15.0901   -0.323581   -0.222055
15.1151   -0.2782   -0.166802
15.1401   -0.229775   -0.108011
15.1652   -0.18102   -0.0483144
15.1902   -0.13387   0.0125457
15.2152   -0.0868372   0.0682138
15.2402   -0.0411519   0.123191
15.2652   0.00310046   0.178722
15.2903   0.0468753   0.229846
15.3153   0.084384   0.275981
15.3403   0.125505   0.322298
15.3653   0.161767   0.361802
15.3904   0.189226   0.395013
15.4154   0.213588   0.423674
15.4404   0.235297   0.445702
15.4655   0.255654   0.464686
15.4905   0.26713   0.474867
15.5155   0.272016   0.479201
15.5405   0.27518   0.47818
15.5655   0.270632   0.469312
15.5906   0.258938   0.453879
15.6156   0.244535   0.432789
15.6406   0.222223   0.405203
15.6656   0.194812   0.371794
15.6907   0.163541   0.332803
15.7157   0.128176   0.28996
15.7407   0.0829584   0.237768
15.7658   0.0361811   0.182132
15.7908   -0.0130412   0.126963
15.8158   -0.0687789   0.0663579
15.8408   -0.123107   0.00221529
15.8659   -0.177996   -0.0632937
15.8909   -0.237933   -0.129124
15.9159   -0.294508   -0.192366
15.9409   -0.347561   -0.25124
15.9659   -0.402712   -0.310261
15.991   -0.445665   -0.359169
16.016   -0.490342   -0.40613
16.041   -0.526528   -0.44448
16.0661   -0.560383   -0.479817
16.0911   -0.587321   -0.507157
16.1161   -0.60901   -0.528534
16.1411   -0.622453   -0.540791
16.1662   -0.629781   -0.546737
16.1912   -0.631999   -0.545733
16.2162   -0.628063   -0.538205
16.2412   -0.618897   -0.523844
16.2662   -0.601812   -0.500645
16.2913   -0.576969   -0.470873
16.3163   -0.545798   -0.434279
16.3413   -0.508117   -0.391293
16.3664   -0.46726   -0.342324
16.3914   -0.417145   -0.286632
16.4164   -0.362683   -0.224896
16.4414   -0.303492   -0.15983
16.4665   -0.239548   -0.0905942
16.4915   -0.173699   -0.0201316
16.5165   -0.106637   0.0493354
16.5415   -0.0337268   0.120204
16.5665   0.0356105   0.189676
16.5916   0.0991662   0.255455
16.6166   0.160735   0.316681
16.6416   0.215173   0.370319
16.6667   0.26595   0.419001
16.6917   0.303626   0.457277
16.7167   0.337412   0.489903
16.7417   0.359473   0.513285
16.7668   0.374608   0.528689
16.7918   0.379853   0.536365
16.8168   0.373081   0.533316
16.8418   0.360864   0.524183
16.8668   0.33869   0.506475
16.8919   0.312295   0.482408
16.9169   0.277485   0.451031
16.9419   0.232612   0.409547
16.967   0.181762   0.361569
16.992   0.128519   0.311021
17.017   0.0701838   0.253308
17.042   0.0102424   0.193325
17.0671   -0.0540012   0.127401
17.0921   -0.113969   0.063157
17.1171   -0.174608   -0.0015964
17.1421   -0.231698   -0.0637174
17.1671   -0.285071   -0.126081
17.1922   -0.336856   -0.187728
17.2172   -0.384947   -0.244758
17.2422   -0.424088   -0.294792
17.2673   -0.46058   -0.341779
17.2923   -0.490825   -0.381681
17.3173   -0.518531   -0.41919
17.3423   -0.539026   -0.447978
17.3674   -0.554758   -0.4714
17.3924   -0.567259   -0.490143
17.4174   -0.570908   -0.500063
17.4424   -0.573145   -0.505535
17.4674   -0.571031   -0.505637
17.4925   -0.560834   -0.497848
17.5175   -0.550303   -0.486541
17.5425   -0.532203   -0.467128
17.5676   -0.511848   -0.443199
17.5926   -0.485211   -0.412455
17.6176   -0.457479   -0.378728
17.6426   -0.422887   -0.337632
17.6677   -0.386903   -0.292339
17.6927   -0.346698   -0.243541
17.7177   -0.305808   -0.191959
17.7427   -0.263242   -0.139233
17.7677   -0.220233   -0.0843003
17.7928   -0.175746   -0.0283329
17.8178   -0.130907   0.0256141
17.8428   -0.0834611   0.0815693
17.8679   -0.038114   0.137722
17.8929   0.0074113   0.19075
17.9179   0.0477623   0.239183
17.9429   0.0923132   0.286831
17.968   0.129408   0.328355
17.993   0.165119   0.366317
18.018   0.198725   0.399482
18.043   0.223197   0.424977
18.068   0.245834   0.446405
18.0931   0.26676   0.463412
18.1181   0.279415   0.472384
18.1431   0.282694   0.474069
18.1682   0.281285   0.468748
18.1932   0.277592   0.459214
18.2182   0.261976   0.439907
18.2432   0.243695   0.415744
18.2683   0.22012   0.38622
18.2933   0.186402   0.347227
18.3183   0.15093   0.305461
18.3433   0.105633   0.255351
18.3683   0.0578639   0.200595
18.3934   0.00393854   0.142168
18.4184   -0.0509066   0.0837481
18.4434   -0.1117   0.0185729
18.4685   -0.169891   -0.0487
18.4935   -0.230344   -0.112864
18.5185   -0.286557   -0.175572
18.5435   -0.343242   -0.236275
18.5686   -0.397385   -0.29398
18.5936   -0.444343   -0.345067
18.6186   -0.488424   -0.39309
18.6436   -0.526117   -0.432945
18.6686   -0.559267   -0.467348
18.6937   -0.58682   -0.49642
18.7187   -0.604758   -0.515073
18.7437   -0.620153   -0.530086
18.7688   -0.627986   -0.536354
18.7938   -0.628107   -0.536104
18.8188   -0.625798   -0.531266
18.8438   -0.613213   -0.51561
18.8689   -0.595988   -0.493731
18.8939   -0.571098   -0.464973
18.9189   -0.539   -0.429062
18.9439   -0.504779   -0.388714
18.9689   -0.461331   -0.339841
18.994   -0.412926   -0.287071
19.019   -0.356691   -0.226393
19.044   -0.30203   -0.165696
19.0691   -0.238627   -0.0979501
19.0941   -0.175531   -0.0290609
19.1191   -0.111024   0.0394022
19.1441   -0.0433943   0.10659
19.1692   0.0229184   0.172109
19.1942   0.0827911   0.234157
19.2192   0.13948   0.293022
19.2442   0.189959   0.344253
19.2692   0.233414   0.389597
19.2943   0.272043   0.428159
19.3193   0.302606   0.45942
19.3443   0.323759   0.482881
19.3694   0.33557   0.498151
19.3944   0.339208   0.504475
19.4194   0.337443   0.50541
19.4444   0.325519   0.497264
19.4695   0.304896   0.481223
19.4945   0.279302   0.458804
19.5195   0.244746   0.428402
19.5445   0.207586   0.393545
19.5695   0.161619   0.350783
19.5946   0.115612   0.304326
19.6196   0.0624204   0.252548
19.6446   0.00858829   0.196763
19.6697   -0.0438322   0.140708
19.6947   -0.101072   0.0786631
19.7197   -0.155185   0.0190036
19.7447   -0.208888   -0.0392026
19.7698   -0.257813   -0.0952003
19.7948   -0.305649   -0.155167
19.8198   -0.350032   -0.210687
19.8448   -0.387239   -0.259148
19.8698   -0.422444   -0.304169
19.8949   -0.453469   -0.345927
19.9199   -0.480965   -0.381389
19.9449   -0.504923   -0.413172
19.97   -0.52185   -0.438135
19.995   -0.536022   -0.458548
20.02   -0.545534   -0.473809
20.045   -0.552196   -0.481811
20.07   -0.55351   -0.484662
20.0951   -0.550588   -0.482186
20.1201   -0.544334   -0.474018
20.1451   -0.531362   -0.459395
20.1701   -0.517486   -0.440631
20.1952   -0.495985   -0.414966
20.2202   -0.472754   -0.384038
20.2452   -0.444181   -0.348701
20.2703   -0.414555   -0.309103
20.2953   -0.378382   -0.263909
20.3203   -0.343464   -0.217485
20.3453   -0.303379   -0.167143
20.3703   -0.263685   -0.115826
20.3954   -0.218239   -0.0579372
20.4204   -0.174178   -0.00408948
20.4454   -0.127469   0.0494391
20.4704   -0.0794262   0.105926
20.4955   -0.0312254   0.159927
20.5205   0.0138037   0.209925
20.5455   0.0584581   0.258847
20.5706   0.101446   0.303855
20.5956   0.144252   0.345821
20.6206   0.178153   0.379793
20.6456   0.210424   0.410828
20.6706   0.235004   0.433681
20.6957   0.257837   0.452192
20.7207   0.276072   0.464671
20.7457   0.282242   0.469542
20.7707   0.28313   0.467089
20.7958   0.280244   0.458745
20.8208   0.268359   0.442771
20.8458   0.249356   0.419655
20.8709   0.222526   0.388913
20.8959   0.188331   0.352077
20.9209   0.15201   0.309331
20.9459   0.105214   0.259494
20.9709   0.0564747   0.20622
20.996   0.000232017   0.147643
21.021   -0.0567588   0.090492
21.046   -0.116447   0.0262013
21.071   -0.177853   -0.0402851
21.0961   -0.237406   -0.106117
21.1211   -0.297096   -0.169303
21.1461   -0.352763   -0.229956
21.1712   -0.406137   -0.287564
21.1962   -0.453018   -0.33911
21.2212   -0.495731   -0.385601
21.2462   -0.532188   -0.426089
21.2712   -0.565145   -0.460391
21.2963   -0.592255   -0.489818
21.3213   -0.608208   -0.507698
21.3463   -0.62547   -0.525222
21.3713   -0.62841   -0.530309
21.3964   -0.630226   -0.531433
21.4214   -0.62739   -0.526781
21.4464   -0.613609   -0.510574
21.4715   -0.596798   -0.492135
21.4965   -0.570235   -0.463089
21.5215   -0.538489   -0.429326
21.5465   -0.504407   -0.389637
21.5715   -0.462786   -0.344033
21.5966   -0.415294   -0.292197
21.6216   -0.367038   -0.23756
21.6466   -0.30924   -0.176754
21.6716   -0.250046   -0.11293
21.6967   -0.18718   -0.0449938
21.7217   -0.126423   0.0186351
21.7467   -0.0658348   0.0826824
21.7718   -0.00703372   0.143134
21.7968   0.0485177   0.20167
21.8218   0.103564   0.258668
21.8468   0.151317   0.309418
21.8718   0.193046   0.353353
21.8969   0.227012   0.390724
21.9219   0.25348   0.420362
21.9469   0.273409   0.443541
21.9719   0.286034   0.459881
21.997   0.2912   0.468369
22.022   0.291262   0.469886
22.047   0.280107   0.463258
22.0721   0.264566   0.451813
22.0971   0.243188   0.432136
22.1221   0.212118   0.405687
22.1471   0.177075   0.372711
22.1721   0.140549   0.336599
22.1972   0.0950851   0.292461
22.2222   0.0493572   0.245512
22.2472   0.00019097   0.194588
22.2722   -0.0477865   0.142836
22.2973   -0.0965277   0.0867996
22.3223   -0.146393   0.0304609
22.3473   -0.193614   -0.0239642
22.3724   -0.241611   -0.0783752
22.3974   -0.287148   -0.135137
22.4224   -0.327835   -0.186682
22.4474   -0.368548   -0.237388
22.4724   -0.406445   -0.284061
22.4975   -0.436672   -0.324871
22.5225   -0.465128   -0.362333
22.5475   -0.49227   -0.396354
22.5725   -0.51071   -0.422809
22.5976   -0.530751   -0.447064
22.6226   -0.541644   -0.463084
22.6476   -0.549076   -0.473433
22.6727   -0.553233   -0.479183
22.6977   -0.554826   -0.479541
22.7227   -0.548808   -0.47304
22.7477   -0.54449   -0.463973
22.7727   -0.532051   -0.447965
22.7978   -0.513142   -0.424621
22.8228   -0.4948   -0.399055
22.8478   -0.471809   -0.367106
22.8728   -0.446472   -0.332232
22.8979   -0.414608   -0.291047
22.9229   -0.379113   -0.246373
22.9479   -0.340136   -0.196745
22.973   -0.299449   -0.14634
22.998   -0.25558   -0.0903662
23.023   -0.213002   -0.0401113
23.048   -0.162957   0.0161436
23.073   -0.114684   0.0700577
23.0981   -0.061871   0.129378
23.1231   -0.0125223   0.18194
23.1481   0.033741   0.232244
23.1731   0.0802933   0.279493
23.1982   0.126423   0.324052
23.2232   0.163281   0.360782
23.2482   0.199114   0.39388
23.2733   0.229271   0.421301
23.2983   0.253928   0.442135
23.3233   0.270912   0.455518
23.3483   0.280641   0.461505
23.3733   0.281327   0.460096
23.3984   0.279534   0.452744
23.4234   0.268225   0.437872
23.4484   0.247714   0.414573
23.4734   0.222282   0.387022
23.4985   0.187441   0.349974
23.5235   0.149529   0.308188
23.5485   0.104392   0.261156
23.5736   0.0544661   0.208675
23.5986   -0.0014617   0.149731
23.6236   -0.0598084   0.0921423
23.6486   -0.12052   0.0279869
23.6736   -0.178829   -0.0326058
23.6987   -0.23757   -0.0990528
23.7237   -0.296866   -0.160767
23.7487   -0.350701   -0.220165
23.7737   -0.401443   -0.274194
23.7988   -0.449069   -0.326718
23.8238   -0.490215   -0.371882
23.8488   -0.524769   -0.410746
23.8739   -0.554726   -0.444407
23.8989   -0.577235   -0.470845
23.9239   -0.594363   -0.490159
23.9489   -0.607397   -0.504882
23.9739   -0.609994   -0.510897
23.999   -0.611054   -0.511539
24.024   -0.603855   -0.504966
24.049   -0.593521   -0.493086
24.074   -0.575458   -0.474164
24.0991   -0.549193   -0.44558
24.1241   -0.521338   -0.413916
24.1491   -0.484375   -0.374782
24.1742   -0.444758   -0.331018
24.1992   -0.399675   -0.281768
24.2242   -0.348774   -0.228395
24.2492   -0.296684   -0.17044
24.2743   -0.244109   -0.112557
24.2993   -0.184178   -0.0493115
24.3243   -0.127725   0.0130125
24.3493   -0.0684974   0.0746728
24.3743   -0.0134643   0.131078
24.3994   0.0363096   0.185744
24.4244   0.0833934   0.236878
24.4494   0.128659   0.285945
24.4745   0.165872   0.326878
24.4995   0.197818   0.362521
24.5245   0.22257   0.391172
24.5495   0.244947   0.415199
24.5746   0.256923   0.431446
24.5996   0.264489   0.442029
24.6246   0.266946   0.446651
24.6496   0.258047   0.441941
24.6746   0.245643   0.432934
24.6997   0.227481   0.416575
24.7247   0.204362   0.395075
24.7497   0.174132   0.366665
24.7748   0.139465   0.333052
24.7998   0.10453   0.295569
24.8248   0.0661798   0.255363
24.8498   0.0229232   0.209024
24.8749   -0.0220612   0.159997
24.8999   -0.0676979   0.108296
24.9249   -0.113031   0.0565624
24.9499   -0.158746   0.00315831
24.9749   -0.202446   -0.0472654
25   -0.245243   -0.377445
25.025   -0.286187   -0.150999
25.05   -0.327544   -0.201137
25.0751   -0.362272   -0.245363
25.1001   -0.399402   -0.290495
25.1251   -0.428362   -0.327243
25.1501   -0.456622   -0.36214
25.1752   -0.481847   -0.392113
25.2002   -0.502844   -0.418572
25.2252   -0.517867   -0.43635
25.2502   -0.529968   -0.451777
25.2752   -0.539843   -0.460901
25.3003   -0.541843   -0.46304
25.3253   -0.541183   -0.461321
25.3503   -0.538395   -0.453382
25.3754   -0.529959   -0.441844
25.4004   -0.51639   -0.421911
25.4254   -0.501004   -0.399795
25.4504   -0.476839   -0.368886
25.4755   -0.450579   -0.333993
25.5005   -0.419513   -0.295046
25.5255   -0.39023   -0.254882
25.5505   -0.3503   -0.207273
25.5755   -0.309288   -0.156303
25.6006   -0.26471   -0.103273
25.6256   -0.219533   -0.0479634
25.6506   -0.167965   0.00675507
25.6757   -0.117258   0.0610543
25.7007   -0.0657369   0.117314
25.7257   -0.0131954   0.171892
25.7507   0.0354   0.22328
25.7758   0.0824575   0.270598
25.8008   0.128238   0.315063
25.8258   0.168492   0.353824
25.8508   0.203027   0.387498
25.8758   0.233655   0.414379
25.9009   0.257514   0.435169
25.9259   0.277972   0.451124
25.9509   0.28358   0.455789
25.976   0.285369   0.455148
26.001   0.280768   0.448258
26.026   0.268439   0.433896
26.051   0.248927   0.411933
26.0761   0.221809   0.383846
26.1011   0.186699   0.347489
26.1261   0.142752   0.304661
26.1511   0.0984649   0.258363
26.1761   0.0469034   0.205455
26.2012   -0.00963669   0.148173
26.2262   -0.066172   0.0903242
26.2512   -0.126212   0.0290632
26.2763   -0.182144   -0.0307266
26.3013   -0.243008   -0.0937903
26.3263   -0.297159   -0.154646
26.3513   -0.351189   -0.211838
26.3764   -0.400809   -0.265306
26.4014   -0.444926   -0.314906
26.4264   -0.484854   -0.358281
26.4514   -0.515473   -0.39467
26.4764   -0.541788   -0.426775
26.5015   -0.566582   -0.454242
26.5265   -0.581735   -0.473594
26.5515   -0.593619   -0.487149
26.5766   -0.597656   -0.494224
26.6016   -0.6001   -0.496424
26.6266   -0.59374   -0.489965
26.6516   -0.581151   -0.477738
26.6767   -0.566775   -0.462504
26.7017   -0.540269   -0.436471
26.7267   -0.511822   -0.405743
26.7517   -0.478565   -0.368946
26.7767   -0.439492   -0.327062
26.8018   -0.400808   -0.28265
26.8268   -0.357041   -0.235297
26.8518   -0.308865   -0.180791
26.8769   -0.25773   -0.125424
26.9019   -0.203894   -0.0670394
26.9269   -0.154061   -0.00948389
26.9519   -0.102401   0.0464107
26.977   -0.05125   0.100724
27.002   -0.000972154   0.153314
27.027   0.0411131   0.202229
27.052   0.0816988   0.248173
27.077   0.117268   0.288243
27.1021   0.149295   0.324425
27.1271   0.174264   0.353811
27.1521   0.19734   0.379022
27.1772   0.211184   0.396019
27.2022   0.220444   0.40838
27.2272   0.22214   0.413007
27.2522   0.221584   0.413969
27.2773   0.211193   0.406285
27.3023   0.198536   0.394936
27.3273   0.178015   0.376097
27.3523   0.153364   0.351726
27.3773   0.127904   0.323639
27.4024   0.0952112   0.290198
27.4274   0.0600907   0.252105
27.4524   0.0243077   0.211131
27.4775   -0.0132544   0.167454
27.5025   -0.0568592   0.11811
27.5275   -0.0997341   0.0680041
27.5525   -0.143802   0.018679
27.5775   -0.187736   -0.0308528
27.6026   -0.231173   -0.0838378
27.6276   -0.272512   -0.134417
27.6526   -0.31587   -0.184619
27.6776   -0.349199   -0.228104
27.7027   -0.38689   -0.271782
27.7277   -0.419018   -0.311235
27.7527   -0.446791   -0.346031
27.7778   -0.473623   -0.377183
27.8028   -0.495136   -0.404227
27.8278   -0.512316   -0.425336
27.8528   -0.52689   -0.440884
27.8778   -0.536923   -0.451808
27.9029   -0.544377   -0.458243
27.9279   -0.546194   -0.458717
27.9529   -0.545934   -0.453763
27.9779   -0.538751   -0.442413
28.003   -0.526824   -0.426207
28.028   -0.512071   -0.405579
28.053   -0.489966   -0.37736
28.078   -0.465495   -0.344811
28.1031   -0.435691   -0.306855
28.1281   -0.401471   -0.264482
28.1531   -0.364479   -0.220119
28.1782   -0.325299   -0.171031
28.2032   -0.2781   -0.118103
28.2282   -0.234821   -0.0656169
28.2532   -0.181473   -0.0102134
28.2782   -0.133173   0.0429769
28.3033   -0.0795501   0.0997849
28.3283   -0.0278689   0.155276
28.3533   0.0238844   0.20733
28.3783   0.0712586   0.255001
28.4034   0.116661   0.299099
28.4284   0.156936   0.338112
28.4534   0.190368   0.370706
28.4785   0.220639   0.398978
28.5035   0.24446   0.419679
28.5285   0.260709   0.433188
28.5535   0.269096   0.440158
28.5785   0.269523   0.440015
28.6036   0.264053   0.432156
28.6286   0.248851   0.416833
28.6536   0.22676   0.395167
28.6786   0.199139   0.367311
28.7037   0.1642   0.332205
28.7287   0.126597   0.292777
28.7537   0.0800726   0.246467
28.7788   0.0307763   0.196124
28.8038   -0.0234943   0.139769
28.8288   -0.0790263   0.082678
28.8538   -0.136494   0.0252619
28.8788   -0.190473   -0.0303585
28.9039   -0.246312   -0.0896294
28.9289   -0.298881   -0.148939
28.9539   -0.348637   -0.203545
28.9789   -0.394524   -0.254257
29.004   -0.436295   -0.30112
29.029   -0.467972   -0.340182
29.054   -0.502301   -0.377564
29.0791   -0.52975   -0.409008
29.1041   -0.548096   -0.433529
29.1291   -0.565707   -0.454754
29.1541   -0.574271   -0.466571
29.1791   -0.57637   -0.47385
29.2042   -0.575598   -0.474633
29.2292   -0.569392   -0.470001
29.2542   -0.559148   -0.460116
29.2792   -0.543417   -0.442472
29.3043   -0.522791   -0.421517
29.3293   -0.49632   -0.393049
29.3543   -0.465618   -0.358888
29.3794   -0.432671   -0.322164
29.4044   -0.393264   -0.278862
29.4294   -0.351585   -0.232661
29.4544   -0.308795   -0.183434
29.4794   -0.265801   -0.133809
29.5045   -0.216376   -0.0800524
29.5295   -0.16967   -0.0245237
29.5545   -0.123281   0.027063
29.5795   -0.0796958   0.0761075
29.6046   -0.0346666   0.125031
29.6296   0.00721368   0.172824
29.6546   0.0454765   0.217731
29.6797   0.0805383   0.257383
29.7047   0.109326   0.291009
29.7297   0.13355   0.320117
29.7547   0.159151   0.346793
29.7797   0.175972   0.367384
29.8048   0.187194   0.380655
29.8298   0.192608   0.388975
29.8548   0.193465   0.391
29.8798   0.191015   0.388874
29.9049   0.179561   0.378749
29.9299   0.164241   0.363239
29.9549   0.146104   0.343616
29.98   0.126795   0.320207
30.005   0.0971653   0.288956
30.03   0.0666384   0.255075
30.055   0.033017   0.217334
30.08   -0.00191537   0.176191
30.1051   -0.0439709   0.128863
30.1301   -0.0835425   0.0829404
30.1551   -0.126823   0.0342399
30.1802   -0.171516   -0.015572
30.2052   -0.214007   -0.0656427
30.2302   -0.258632   -0.119097
30.2552   -0.300345   -0.167613
30.2802   -0.337005   -0.211816
30.3053   -0.374928   -0.255983
30.3303   -0.411796   -0.298123
30.3553   -0.442521   -0.334295
30.3803   -0.471402   -0.368518
30.4054   -0.499239   -0.396609
30.4304   -0.51722   -0.418914
30.4554   -0.536826   -0.439008
30.4805   -0.548869   -0.45158
30.5055   -0.554193   -0.457366
30.5305   -0.556202   -0.458554
30.5555   -0.555038   -0.454809
30.5805   -0.552642   -0.446434
30.6056   -0.539462   -0.430068
30.6306   -0.528986   -0.411602
30.6556   -0.503901   -0.382487
30.6806   -0.480832   -0.352243
30.7057   -0.452693   -0.316861
30.7307   -0.418035   -0.276511
30.7557   -0.376758   -0.229096
30.7808   -0.333863   -0.180591
30.8058   -0.292559   -0.129915
30.8308   -0.241979   -0.0737981
30.8558   -0.189789   -0.0200406
30.8808   -0.14073   0.0334628
30.9059   -0.0836588   0.089961
30.9309   -0.0323284   0.144388
30.9559   0.019544   0.197877
30.9809   0.0675805   0.246118
31.006   0.112695   0.289402
31.031   0.151655   0.328385
31.056   0.186924   0.360717
31.0811   0.213573   0.38619
31.1061   0.234552   0.406646
31.1311   0.251122   0.420799
31.1561   0.257537   0.427529
31.1811   0.257852   0.428072
31.2062   0.24905   0.418515
31.2312   0.234809   0.403958
31.2562   0.211034   0.381787
31.2812   0.183932   0.354779
31.3063   0.150774   0.321949
31.3313   0.113571   0.283428
31.3563   0.0675181   0.238857
31.3814   0.0195866   0.190362
31.4064   -0.0335022   0.136428
31.4314   -0.0848903   0.0828099
31.4564   -0.14082   0.0272807
31.4814   -0.193511   -0.0273398
31.5065   -0.247771   -0.0835138
31.5315   -0.294895   -0.138111
31.5565   -0.344553   -0.191842
31.5816   -0.386588   -0.240126
31.6066   -0.424631   -0.283763
31.6316   -0.457127   -0.323354
31.6566   -0.484757   -0.357775
31.6817   -0.510239   -0.388273
31.7067   -0.530433   -0.413895
31.7317   -0.544779   -0.431941
31.7567   -0.553155   -0.445867
31.7817   -0.555299   -0.451378
31.8068   -0.555253   -0.4537
31.8318   -0.553276   -0.452208
31.8568   -0.541652   -0.441
31.8819   -0.528831   -0.427825
31.9069   -0.509339   -0.407294
31.9319   -0.484551   -0.38185
31.9569   -0.457083   -0.351124
31.982   -0.426271   -0.315347
32.007   -0.388814   -0.275282
32.032   -0.354236   -0.234317
32.057   -0.313787   -0.18877
32.0821   -0.272265   -0.141104
32.1071   -0.230095   -0.0913247
32.1321   -0.186507   -0.0408107
32.1571   -0.141623   0.0102435
32.1822   -0.10089   0.0562007
32.2072   -0.0532986   0.105904
32.2322   -0.015088   0.152157
32.2572   0.0214902   0.195316
32.2822   0.0566464   0.234568
32.3073   0.089133   0.270475
32.3323   0.114429   0.30067
32.3573   0.139831   0.327619
32.3824   0.160356   0.349876
32.4074   0.174099   0.365102
32.4324   0.183319   0.375352
32.4574   0.187967   0.380487
32.4825   0.187825   0.380475
32.5075   0.184513   0.375671
32.5325   0.172696   0.363504
32.5575   0.161046   0.347616
32.5825   0.139544   0.323911
32.6076   0.114745   0.297167
32.6326   0.0892241   0.266759
32.6576   0.0552483   0.22964
32.6827   0.0198948   0.190492
32.7077   -0.0164203   0.147643
32.7327   -0.0551299   0.10239
32.7577   -0.0983057   0.0548925
32.7828   -0.141376   0.0079587
32.8078   -0.18793   -0.0441987
32.8328   -0.230822   -0.0952322
32.8578   -0.274472   -0.145014
32.8828   -0.315276   -0.191407
32.9079   -0.355811   -0.237616
32.9329   -0.389561   -0.276689
32.9579   -0.427182   -0.316548
32.983   -0.455854   -0.350277
33.008   -0.485011   -0.380206
33.033   -0.504742   -0.40226
33.058   -0.524047   -0.422582
33.0831   -0.537347   -0.435643
33.1081   -0.545893   -0.443223
33.1331   -0.547989   -0.44443
33.1581   -0.547725   -0.44177
33.1831   -0.544229   -0.435238
33.2082   -0.532186   -0.419271
33.2332   -0.520833   -0.401121
33.2582   -0.495931   -0.373944
33.2833   -0.472858   -0.343469
33.3083   -0.444358   -0.308148
33.3333   -0.410028   -0.26932
33.3583   -0.367815   -0.222484
33.3834   -0.325871   -0.175393
33.4084   -0.281743   -0.123147
33.4334   -0.23287   -0.0709651
33.4584   -0.179463   -0.0144181
33.4834   -0.129703   0.0366202
33.5085   -0.0738173   0.0924014
33.5335   -0.0252808   0.143577
33.5585   0.0227416   0.193479
33.5836   0.0687987   0.240404
33.6086   0.113982   0.283532
33.6336   0.151191   0.31957
33.6586   0.184797   0.352588
33.6837   0.209651   0.376722
33.7087   0.232198   0.398577
33.7337   0.244656   0.41098
33.7587   0.251251   0.417247
33.7837   0.248504   0.416257
33.8088   0.23739   0.407056
33.8338   0.22268   0.393883
33.8588   0.200007   0.373061
33.8839   0.173579   0.34656
33.9089   0.139588   0.314668
33.9339   0.103578   0.277903
33.9589   0.0582447   0.234784
33.984   0.0108978   0.187099
34.009   -0.037156   0.138321
34.034   -0.0845323   0.0874876
34.059   -0.137003   0.0346286
34.084   -0.185355   -0.0152646
34.1091   -0.237488   -0.0700186
34.1341   -0.280547   -0.118885
34.1591   -0.324525   -0.173446
34.1842   -0.365328   -0.219473
34.2092   -0.403606   -0.263302
34.2342   -0.433097   -0.299005
34.2592   -0.463335   -0.335023
34.2843   -0.486539   -0.363721
34.3093   -0.506393   -0.389705
34.3343   -0.51875   -0.40662
34.3593   -0.528286   -0.421443
34.3843   -0.53323   -0.429299
34.4094   -0.533563   -0.431466
34.4344   -0.53189   -0.430148
34.4594   -0.523568   -0.422446
34.4845   -0.510935   -0.409706
34.5095   -0.491203   -0.389217
34.5345   -0.472762   -0.367584
34.5595   -0.447054   -0.33954
34.5846   -0.422678   -0.307917
34.6096   -0.392097   -0.273423
34.6346   -0.356666   -0.23328
34.6596   -0.321738   -0.190366
34.6846   -0.2816   -0.14538
34.7097   -0.239287   -0.0973556
34.7347   -0.202502   -0.0493717
34.7597   -0.160365   -2.15994e-05
34.7848   -0.119196   0.0450872
34.8098   -0.0804269   0.0890391
34.8348   -0.0422921   0.132717
34.8598   -0.00364365   0.175996
34.8849   0.0314351   0.214824
34.9099   0.0621355   0.250401
34.9349   0.0908711   0.281931
34.9599   0.116034   0.30903
34.9849   0.137168   0.331959
35.01   0.153767   0.349666
35.035   0.165945   0.362213
35.06   0.174358   0.370336
35.0851   0.175028   0.371159
35.1101   0.174715   0.36801
35.1351   0.166603   0.359228
35.1601   0.152051   0.343063
35.1852   0.137104   0.325655
35.2102   0.115248   0.299969
35.2352   0.0915518   0.272299
35.2602   0.0578482   0.235171
35.2852   0.0236292   0.197234
35.3103   -0.0125483   0.155579
35.3353   -0.0500861   0.112177
35.3603   -0.0935179   0.0666643
35.3854   -0.135779   0.0218166
35.4104   -0.182754   -0.0322749
35.4354   -0.226152   -0.0831059
35.4604   -0.269592   -0.13293
35.4855   -0.310073   -0.180237
35.5105   -0.350495   -0.224898
35.5355   -0.385796   -0.265062
35.5605   -0.421863   -0.304717
35.5855   -0.450771   -0.336446
35.6106   -0.479082   -0.367386
35.6356   -0.497315   -0.389001
35.6606   -0.518221   -0.410335
35.6857   -0.531604   -0.423602
35.7107   -0.539138   -0.430947
35.7357   -0.541544   -0.433285
35.7607   -0.541021   -0.431011
35.7858   -0.53721   -0.423483
35.8108   -0.52559   -0.407942
35.8358   -0.512887   -0.390526
35.8608   -0.489687   -0.36467
35.8858   -0.465721   -0.336003
35.9109   -0.437178   -0.301188
35.9359   -0.402272   -0.261902
35.9609   -0.362255   -0.217718
35.986   -0.32241   -0.171607
36.011   -0.278858   -0.120754
36.036   -0.229881   -0.0667223
36.061   -0.18222   -0.0136001
36.0861   -0.129605   0.0388016
36.1111   -0.0816797   0.0878781
36.1361   -0.0315436   0.138262
36.1611   0.0115553   0.184176
36.1861   0.0556078   0.2286
36.2112   0.094213   0.268215
36.2362   0.129162   0.303224
36.2612   0.159385   0.333258
36.2863   0.184438   0.357574
36.3113   0.201775   0.375429
36.3363   0.213056   0.386948
36.3613   0.216559   0.391911
36.3864   0.219189   0.393257
36.4114   0.209493   0.385273
36.4364   0.195217   0.371727
36.4614   0.174962   0.352376
36.4864   0.148448   0.32784
36.5115   0.116931   0.297372
36.5365   0.0808304   0.262933
36.5615   0.0418183   0.223127
36.5866   -0.00155127   0.180106
36.6116   -0.0481042   0.132751
36.6366   -0.0941582   0.0842002
36.6616   -0.141085   0.0344684
36.6867   -0.184869   -0.0102533
36.7117   -0.230811   -0.0611508
36.7367   -0.271822   -0.107889
36.7617   -0.3138   -0.159539
36.7867   -0.354935   -0.204512
36.8118   -0.385364   -0.244183
36.8368   -0.415515   -0.280511
36.8618   -0.445308   -0.3154
36.8869   -0.464815   -0.342483
36.9119   -0.483706   -0.36651
36.9369   -0.50025   -0.386891
36.9619   -0.509409   -0.399891
36.987   -0.513987   -0.408512
37.012   -0.51727   -0.413101
37.037   -0.516738   -0.412823
37.062   -0.509526   -0.406107
37.087   -0.501275   -0.397522
37.1121   -0.483605   -0.379048
37.1371   -0.469389   -0.361291
37.1621   -0.444331   -0.332775
37.1872   -0.423038   -0.305439
37.2122   -0.393168   -0.271496
37.2372   -0.365343   -0.236434
37.2622   -0.331457   -0.195578
37.2873   -0.299261   -0.154915
37.3123   -0.259948   -0.110235
37.3373   -0.222054   -0.0630976
37.3623   -0.181343   -0.0153495
37.3873   -0.146233   0.026877
37.4124   -0.104161   0.0707603
37.4374   -0.0667569   0.113057
37.4624   -0.027963   0.156432
37.4875   0.00680617   0.195342
37.5125   0.0423811   0.23262
37.5375   0.0706771   0.264284
37.5625   0.0974573   0.292353
37.5876   0.11705   0.314647
37.6126   0.138767   0.335918
37.6376   0.152857   0.349466
37.6626   0.162667   0.358473
37.6876   0.164438   0.360075
37.7127   0.164417   0.358778
37.7377   0.162126   0.352587
37.7627   0.150805   0.339137
37.7878   0.135205   0.321363
37.8128   0.115554   0.298151
37.8378   0.0914308   0.269761
37.8628   0.0605235   0.236244
37.8879   0.0246255   0.197912
37.9129   -0.0115622   0.15774
37.9379   -0.0479278   0.116374
37.9629   -0.0935466   0.0708172
37.9879   -0.136429   0.0257271
38.013   -0.182932   -0.0263824
38.038   -0.225487   -0.077001
38.063   -0.269299   -0.126168
38.0881   -0.310359   -0.172061
38.1131   -0.350368   -0.216063
38.1381   -0.386042   -0.256838
38.1631   -0.420137   -0.295298
38.1882   -0.449449   -0.328093
38.2132   -0.477424   -0.359046
38.2382   -0.496051   -0.38177
38.2632   -0.516271   -0.401116
38.2882   -0.529913   -0.415554
38.3133   -0.535365   -0.422432
38.3383   -0.538972   -0.424608
38.3633   -0.53829   -0.423178
38.3884   -0.532205   -0.41499
38.4134   -0.523409   -0.402302
38.4384   -0.506803   -0.382228
38.4634   -0.485377   -0.357071
38.4885   -0.459246   -0.328762
38.5135   -0.429248   -0.293883
38.5385   -0.399352   -0.25846
38.5635   -0.359887   -0.214275
38.5885   -0.319207   -0.169348
38.6136   -0.277044   -0.122368
38.6386   -0.234107   -0.0706477
38.6636   -0.183241   -0.0170927
38.6887   -0.137604   0.0322884
38.7137   -0.0898174   0.0801788
38.7387   -0.0449448   0.127081
38.7637   -0.00184583   0.172218
38.7888   0.0352546   0.212641
38.8138   0.0716815   0.249822
38.8388   0.105483   0.283903
38.8638   0.129929   0.311648
38.8888   0.151769   0.333728
38.9139   0.168187   0.351646
38.9389   0.174862   0.361528
38.9639   0.179405   0.366972
38.989   0.177085   0.366057
39.014   0.168037   0.358695
39.039   0.152171   0.346472
39.064   0.134471   0.327992
39.0891   0.113534   0.306383
39.1141   0.0813974   0.277052
39.1391   0.0466837   0.243252
39.1641   0.0109863   0.206414
39.1891   -0.024981   0.168546
39.2142   -0.0697387   0.122377
39.2392   -0.110052   0.0780584
39.2642   -0.151648   0.0327425
39.2892   -0.194581   -0.0111968
39.3143   -0.237456   -0.0583107
39.3393   -0.275759   -0.103509
39.3643   -0.314644   -0.152514
39.3894   -0.344907   -0.19299
39.4144   -0.382405   -0.234764
39.4394   -0.412584   -0.271794
39.4644   -0.436088   -0.301498
39.4894   -0.459832   -0.331114
39.5145   -0.479244   -0.355532
39.5395   -0.49106   -0.373094
39.5645   -0.506126   -0.390729
39.5896   -0.510315   -0.399322
39.6146   -0.515971   -0.404853
39.6396   -0.516769   -0.406353
39.6646   -0.511029   -0.400755
39.6897   -0.502759   -0.392298
39.7147   -0.491127   -0.377472
39.7397   -0.47555   -0.359118
39.7647   -0.453107   -0.333856
39.7897   -0.433191   -0.309449
39.8148   -0.404758   -0.275625
39.8398   -0.378164   -0.2426
39.8648   -0.346392   -0.204471
39.8898   -0.315135   -0.166641
39.9149   -0.278859   -0.123183
39.9399   -0.245372   -0.0786079
39.9649   -0.205536   -0.0331403
39.99   -0.170913   0.00810304
40.015   -0.128695   0.052032
40.04   -0.0935676   0.0923985
40.065   -0.0559964   0.134387
40.09   -0.0221882   0.173588
40.1151   0.0103293   0.208209
40.1401   0.0446685   0.242234
40.1651   0.0698987   0.270507
40.1902   0.0926608   0.293467
40.2152   0.115099   0.315023
40.2402   0.130579   0.329339
40.2652   0.1397   0.337779
40.2903   0.145689   0.343038
40.3153   0.149415   0.343172
40.3403   0.147698   0.338126
40.3653   0.137431   0.325886
40.3903   0.118783   0.306408
40.4154   0.101978   0.285628
40.4404   0.0779474   0.258714
40.4654   0.0463032   0.225458
40.4905   0.0128326   0.188383
40.5155   -0.0235548   0.149172
40.5405   -0.0594587   0.107979
40.5655   -0.10475   0.0630951
40.5906   -0.146488   0.0184575
40.6156   -0.193176   -0.0318924
40.6406   -0.235346   -0.0811249
40.6656   -0.278912   -0.130188
40.6906   -0.31936   -0.175241
40.7157   -0.358443   -0.219047
40.7407   -0.390719   -0.25644
40.7657   -0.422787   -0.293432
40.7908   -0.454572   -0.326526
40.8158   -0.475601   -0.352599
40.8408   -0.499641   -0.377119
40.8658   -0.512352   -0.393529
40.8909   -0.529423   -0.408951
40.9159   -0.533183   -0.414348
40.9409   -0.537225   -0.418213
40.9659   -0.533629   -0.414009
40.9909   -0.529022   -0.407795
41.016   -0.515556   -0.39215
41.041   -0.501571   -0.375108
41.066   -0.476295   -0.347965
41.0911   -0.45634   -0.323644
41.1161   -0.426106   -0.289057
41.1411   -0.397042   -0.254284
41.1661   -0.36041   -0.213412
41.1912   -0.320695   -0.169244
41.2162   -0.279041   -0.12421
41.2412   -0.236037   -0.0746253
41.2662   -0.191241   -0.0252589
41.2912   -0.147832   0.0208627
41.3163   -0.104264   0.0664952
41.3413   -0.0581828   0.111315
41.3663   -0.0210811   0.152715
41.3914   0.0128324   0.191269
41.4164   0.0470501   0.22789
41.4414   0.0793527   0.260931
41.4664   0.103564   0.287741
41.4915   0.123446   0.308752
41.5165   0.139302   0.326265
41.5415   0.14749   0.336826
41.5665   0.152063   0.342806
41.5915   0.15161   0.342795
41.6166   0.142031   0.335834
41.6416   0.128267   0.324428
41.6666   0.113225   0.308536
41.6917   0.0919197   0.28865
41.7167   0.0663418   0.262649
41.7417   0.0342182   0.230749
41.7667   0.0019481   0.196249
41.7918   -0.0339399   0.158188
41.8168   -0.0717621   0.117588
41.8418   -0.107868   0.0775284
41.8668   -0.148677   0.0334011
41.8918   -0.186474   -0.00722646
41.9169   -0.226074   -0.0513428
41.9419   -0.259295   -0.0937299
41.9669   -0.298207   -0.139944
41.992   -0.33001   -0.179422
42.017   -0.360989   -0.217205
42.042   -0.388456   -0.252015
42.067   -0.415888   -0.283763
42.0921   -0.436576   -0.310773
42.1171   -0.457262   -0.335789
42.1421   -0.472751   -0.35535
42.1671   -0.483918   -0.371292
42.1921   -0.492569   -0.381758
42.2172   -0.499075   -0.387927
42.2422   -0.501079   -0.390625
42.2672   -0.500847   -0.388208
42.2923   -0.494738   -0.38136
42.3173   -0.483255   -0.367929
42.3423   -0.46859   -0.350854
42.3673   -0.455685   -0.330956
42.3924   -0.435222   -0.306798
42.4174   -0.410077   -0.276474
42.4424   -0.382791   -0.243812
42.4674   -0.356681   -0.209887
42.4924   -0.32563   -0.172971
42.5175   -0.291237   -0.132018
42.5425   -0.255718   -0.0875473
42.5675   -0.220724   -0.0455004
42.5926   -0.181723   -0.00150871
42.6176   -0.146226   0.0371734
42.6426   -0.108515   0.0786241
42.6676   -0.0693093   0.12115
42.6927   -0.0348665   0.159786
42.7177   -0.000946727   0.194986
42.7427   0.0316688   0.228059
42.7677   0.0576261   0.255426
42.7927   0.0810834   0.27998
42.8178   0.10344   0.301289
42.8428   0.119993   0.316184
42.8678   0.128169   0.324565
42.8929   0.133202   0.328559
42.9179   0.135494   0.328228
42.9429   0.132212   0.322697
42.9679   0.119076   0.309451
42.993   0.103684   0.292054
43.018   0.0828529   0.270254
43.043   0.0582999   0.243481
43.068   0.0311121   0.213533
43.093   -0.00257187   0.177206
43.1181   -0.0369603   0.138923
43.1431   -0.0769916   0.0972657
43.1681   -0.118655   0.0544933
43.1932   -0.159361   0.0116365
43.2182   -0.204154   -0.0366494
43.2432   -0.246281   -0.0827223
43.2682   -0.287814   -0.131349
43.2933   -0.323985   -0.173584
43.3183   -0.361078   -0.214208
43.3433   -0.391454   -0.25029
43.3683   -0.425587   -0.287013
43.3933   -0.454671   -0.31881
43.4184   -0.474917   -0.34363
43.4434   -0.491086   -0.364047
43.4684   -0.509912   -0.38432
43.4935   -0.519287   -0.395315
43.5185   -0.526002   -0.402827
43.5435   -0.526495   -0.403439
43.5685   -0.525444   -0.402
43.5936   -0.517905   -0.393972
43.6186   -0.509031   -0.383144
43.6436   -0.491417   -0.364078
43.6686   -0.47246   -0.342048
43.6936   -0.446127   -0.313447
43.7187   -0.419166   -0.283454
43.7437   -0.388482   -0.248136
43.7687   -0.354206   -0.210104
43.7938   -0.319162   -0.170599
43.8188   -0.276488   -0.125085
43.8438   -0.237439   -0.0811172
43.8688   -0.195035   -0.0345538
43.8939   -0.157567   0.00727369
43.9189   -0.113718   0.0538286
43.9439   -0.0763025   0.0939935
43.9689   -0.0380251   0.135053
43.9939   -0.00269832   0.173171
44.019   0.0308214   0.209055
44.044   0.058309   0.239285
44.069   0.0819329   0.2646
44.0941   0.102142   0.28613
44.1191   0.115727   0.302014
44.1441   0.124202   0.312488
44.1691   0.128884   0.3181
44.1942   0.128677   0.319072
44.2192   0.121868   0.313772
44.2442   0.107395   0.301507
44.2692   0.0936245   0.286963
44.2942   0.0775458   0.269143
44.3193   0.0517555   0.244157
44.3443   0.0243616   0.216344
44.3693   -0.00529361   0.18466
44.3944   -0.0368945   0.151086
44.4194   -0.0685992   0.113376
44.4444   -0.104122   0.0743578
44.4694   -0.13942   0.0337855
44.4945   -0.174604   -0.00509638
44.5195   -0.211802   -0.0474128
44.5445   -0.244259   -0.0858622
44.5695   -0.282147   -0.131105
44.5945   -0.312068   -0.168037
44.6196   -0.345226   -0.205782
44.6446   -0.372358   -0.240095
44.6696   -0.399843   -0.271321
44.6947   -0.420745   -0.298774
44.7197   -0.44216   -0.323234
44.7447   -0.458295   -0.342718
44.7697   -0.469623   -0.357917
44.7948   -0.477567   -0.368218
44.8198   -0.485899   -0.376313
44.8448   -0.488855   -0.380277
44.8698   -0.488969   -0.378624
44.8948   -0.486488   -0.373287
44.9199   -0.478021   -0.362139
44.9449   -0.464376   -0.346109
44.9699   -0.45087   -0.327604
44.995   -0.433613   -0.305686
45.02   -0.40844   -0.275811
45.045   -0.385476   -0.24679
45.07   -0.355756   -0.211178
45.0951   -0.327451   -0.176311
45.1201   -0.293787   -0.136985
45.1451   -0.263236   -0.0977225
45.1701   -0.222549   -0.053058
45.1951   -0.189159   -0.0146683
45.2202   -0.147335   0.0293718
45.2452   -0.112818   0.0683656
45.2702   -0.0760044   0.108996
45.2953   -0.0435452   0.14593
45.3203   -0.00861607   0.182099
45.3453   0.0237464   0.214354
45.3703   0.0483111   0.241649
45.3954   0.0712823   0.264722
45.4204   0.0931622   0.285908
45.4454   0.111221   0.301756
45.4704   0.118488   0.309611
45.4954   0.126295   0.315356
45.5205   0.127575   0.314854
45.5455   0.124805   0.309541
45.5705   0.11492   0.29774
45.5956   0.0978369   0.280669
45.6206   0.0786958   0.258982
45.6456   0.0566979   0.234332
45.6706   0.0243675   0.201408
45.6957   -0.0083908   0.166846
45.7207   -0.0431234   0.127919
45.7457   -0.0807227   0.0888801
45.7707   -0.121087   0.0459749
45.7957   -0.158928   0.00492006
45.8208   -0.200869   -0.0393604
45.8458   -0.241292   -0.0825514
45.8708   -0.28281   -0.128625
45.8959   -0.315045   -0.168469
45.9209   -0.353939   -0.209977
45.9459   -0.385073   -0.245854
45.9709   -0.413877   -0.278609
45.996   -0.441525   -0.308792
46.021   -0.460704   -0.333012
46.046   -0.477333   -0.352941
46.071   -0.494024   -0.371472
46.096   -0.50396   -0.382157
46.1211   -0.506471   -0.386854
46.1461   -0.506281   -0.38849
46.1711   -0.50465   -0.385705
46.1962   -0.497113   -0.378301
46.2212   -0.48736   -0.366771
46.2462   -0.471044   -0.348145
46.2712   -0.45172   -0.327263
46.2963   -0.432383   -0.302241
46.3213   -0.403798   -0.271966
46.3463   -0.374502   -0.237929
46.3713   -0.343419   -0.203095
46.3963   -0.30767   -0.164945
46.4214   -0.272992   -0.123663
46.4464   -0.233603   -0.0814328
46.4714   -0.196383   -0.0388673
46.4965   -0.158946   0.00194504
46.5215   -0.12168   0.0421958
46.5465   -0.0884245   0.0806463
46.5715   -0.0487747   0.121671
46.5966   -0.0175607   0.157665
46.6216   0.0111695   0.190691
46.6466   0.0352749   0.218923
46.6716   0.0586803   0.244545
46.6966   0.0779319   0.264581
46.7217   0.0924488   0.281191
46.7467   0.103961   0.293804
46.7717   0.105245   0.298082
46.7968   0.105511   0.299121
46.8218   0.102947   0.296694
46.8468   0.0937493   0.287972
46.8718   0.0808678   0.274526
46.8969   0.0615918   0.255951
46.9219   0.0414809   0.233748
46.9469   0.0218131   0.209915
46.9719   -0.00859325   0.17966
46.9969   -0.0368389   0.148386
47.022   -0.0684225   0.111678
47.047   -0.101456   0.0742515
47.072   -0.134416   0.0369467
47.0971   -0.167372   -0.000262178
47.1221   -0.206177   -0.0408345
47.1471   -0.238549   -0.0784041
47.1721   -0.273873   -0.121536
47.1972   -0.304454   -0.158925
47.2222   -0.336141   -0.196476
47.2472   -0.361812   -0.227935
47.2722   -0.389782   -0.259135
47.2972   -0.409856   -0.285756
47.3223   -0.432895   -0.311407
47.3473   -0.450412   -0.330954
47.3723   -0.46169   -0.346239
47.3974   -0.470935   -0.357487
47.4224   -0.477597   -0.365172
47.4474   -0.478072   -0.367419
47.4724   -0.47778   -0.365788
47.4975   -0.47568   -0.361136
47.5225   -0.467787   -0.351914
47.5475   -0.458631   -0.338148
47.5725   -0.443326   -0.320193
47.5975   -0.425761   -0.297536
47.6226   -0.403206   -0.270982
47.6476   -0.377584   -0.239769
47.6726   -0.353036   -0.209182
47.6977   -0.323086   -0.173554
47.7227   -0.290986   -0.135657
47.7477   -0.257997   -0.0966105
47.7727   -0.220839   -0.0547189
47.7978   -0.185841   -0.015585
47.8228   -0.149137   0.0252364
47.8478   -0.11222   0.0647567
47.8728   -0.0753263   0.104149
47.8978   -0.0415725   0.141134
47.9229   -0.00928089   0.176398
47.9479   0.0216599   0.208565
47.9729   0.0477878   0.235737
47.998   0.0704067   0.257973
48.023   0.0920341   0.278673
48.048   0.106335   0.29254
48.073   0.116053   0.301524
48.0981   0.118373   0.304541
48.1231   0.118091   0.303589
48.1481   0.115892   0.299046
48.1731   0.104178   0.287564
48.1981   0.0891285   0.270856
48.2232   0.0695829   0.250321
48.2482   0.0464155   0.225079
48.2732   0.0175663   0.195501
48.2982   -0.0168078   0.160477
48.3233   -0.0510303   0.123561
48.3483   -0.0879627   0.0847372
48.3733   -0.126929   0.0442559
48.3984   -0.166491   0.00346559
48.4234   -0.207098   -0.0402713
48.4484   -0.242616   -0.0806675
48.4734   -0.282878   -0.124759
48.4984   -0.314459   -0.162874
48.5235   -0.349305   -0.201626
48.5485   -0.375528   -0.234064
48.5735   -0.404967   -0.266842
48.5986   -0.430688   -0.29571
48.6236   -0.451418   -0.320735
48.6486   -0.465742   -0.338736
48.6736   -0.480126   -0.35498
48.6987   -0.489371   -0.366921
48.7237   -0.494684   -0.373669
48.7487   -0.496072   -0.375103
48.7737   -0.491337   -0.37186
48.7987   -0.487026   -0.366078
48.8238   -0.474317   -0.353065
48.8488   -0.462348   -0.33741
48.8738   -0.443132   -0.317206
48.8988   -0.422563   -0.292785
48.9239   -0.396626   -0.263724
48.9489   -0.369527   -0.232871
48.9739   -0.338282   -0.19792
48.999   -0.308625   -0.162727
49.024   -0.273754   -0.124049
49.049   -0.242483   -0.0841448
49.074   -0.202307   -0.0420468
49.099   -0.169329   -0.00379543
49.1241   -0.134933   0.0338463
49.1491   -0.100162   0.0718478
49.1741   -0.0677187   0.107243
49.1992   -0.037603   0.141244
49.2242   -0.0105273   0.173121
49.2492   0.0120809   0.200565
49.2742   0.0342955   0.224509
49.2993   0.0550522   0.246436
49.3243   0.0680706   0.261254
49.3493   0.0795512   0.272921
49.3743   0.0819526   0.277662
49.3993   0.0824519   0.279778
49.4244   0.0805359   0.276996
49.4494   0.076791   0.271488
49.4744   0.0624557   0.258002
49.4994   0.0455496   0.241348
49.5245   0.0289335   0.222845
49.5495   0.00934352   0.199366
49.5745   -0.0160099   0.172398
49.5996   -0.0456041   0.140766
49.6246   -0.0735608   0.106826
49.6496   -0.104877   0.0715697
49.6746   -0.137678   0.0355125
49.6996   -0.169995   -0.0011464
49.7247   -0.204334   -0.0392937
49.7497   -0.236382   -0.0770818
49.7747   -0.268296   -0.115038
49.7998   -0.299955   -0.153718
49.8248   -0.32951   -0.187612
49.8498   -0.359604   -0.222633
49.8748   -0.381848   -0.250841
49.8999   -0.407748   -0.278875
49.9249   -0.427533   -0.302839
49.9499   -0.444491   -0.322709
49.9749   -0.458911   -0.338362
49.9999   -0.468887   -0.34999
50.025   -0.474784   -0.357355
50.05   -0.475899   -0.360227
50.075   -0.475909   -0.359846
50.1001   -0.474443   -0.356204
50.1251   -0.466851   -0.345922
50.1501   -0.457655   -0.333298
50.1751   -0.44484   -0.31755
50.2002   -0.427833   -0.295241
50.2252   -0.40723   -0.271044
50.2502   -0.379997   -0.240197
50.2752   -0.355753   -0.210448
50.3002   -0.327356   -0.176039
50.3253   -0.296801   -0.139405
50.3503   -0.26152   -0.100079
50.3753   -0.225086   -0.0606532
50.4004   -0.191741   -0.0226929
50.4254   -0.151638   0.0180265
50.4504   -0.116703   0.0565278
50.4754   -0.07991   0.0942681
50.5005   -0.0458791   0.132652
50.5255   -0.0133564   0.167456
50.5505   0.0141358   0.197391
50.5755   0.0381604   0.222869
50.6005   0.0591659   0.244847
50.6256   0.0796883   0.263869
50.6506   0.0932124   0.276936
50.6756   0.102774   0.285515
50.7007   0.104364   0.288257
50.7257   0.104266   0.287433
50.7507   0.102093   0.283372
50.7757   0.0894987   0.271167
50.8008   0.0715065   0.253545
50.8258   0.0542662   0.23474
50.8508   0.0316559   0.210579
50.8758   0.00136293   0.18073
50.9008   -0.0314741   0.147715
50.9259   -0.0625299   0.111858
50.9509   -0.101333   0.0736689
50.9759   -0.136563   0.0357524
51.001   -0.171071   -0.00253534
51.026   -0.213826   -0.0447176
51.051   -0.246453   -0.0824625
51.076   -0.281715   -0.122253
51.1011   -0.317022   -0.163234
51.1261   -0.349823   -0.198969
51.1511   -0.378098   -0.232081
51.1761   -0.402271   -0.261615
51.2011   -0.422273   -0.286278
51.2262   -0.445597   -0.311713
51.2512   -0.458733   -0.328837
51.2762   -0.472597   -0.344768
51.3013   -0.480321   -0.354392
51.3263   -0.483054   -0.360281
51.3513   -0.482791   -0.36133
51.3763   -0.480692   -0.359676
51.4014   -0.474306   -0.352869
51.4264   -0.465312   -0.342407
51.4514   -0.453139   -0.326625
51.4764   -0.435127   -0.307109
51.5014   -0.417705   -0.28432
51.5265   -0.390536   -0.256421
51.5515   -0.368302   -0.229521
51.5765   -0.336939   -0.194446
51.6016   -0.308429   -0.159952
51.6266   -0.275585   -0.124039
51.6516   -0.245408   -0.0858245
51.6766   -0.212473   -0.0478012
51.7017   -0.178604   -0.00982559
51.7267   -0.146356   0.0258532
51.7517   -0.114787   0.0609608
51.7767   -0.0811736   0.0964798
51.8017   -0.050451   0.129867
51.8268   -0.0245044   0.16105
51.8518   -0.00149624   0.187536
51.8768   0.0211396   0.211917
51.9019   0.0376647   0.230901
51.9269   0.0497801   0.245348
51.9519   0.0600096   0.256294
51.9769   0.0677971   0.263824
52.002   0.0684079   0.266098
52.027   0.0681179   0.265623
52.052   0.0639522   0.259498
52.077   0.0540554   0.249277
52.102   0.0397207   0.233583
52.1271   0.0223562   0.214098
52.1521   0.003033   0.193152
52.1771   -0.022925   0.165083
52.2022   -0.0475201   0.136572
52.2272   -0.0732409   0.105943
52.2522   -0.104099   0.0722091
52.2772   -0.136749   0.0363197
52.3023   -0.168888   0.00107683
52.3273   -0.203753   -0.0369077
52.3523   -0.235291   -0.073245
52.3773   -0.266286   -0.112145
52.4023   -0.298267   -0.149568
52.4274   -0.327819   -0.183146
52.4524   -0.357659   -0.215704
52.4774   -0.379943   -0.244278
52.5025   -0.406159   -0.272456
52.5275   -0.426793   -0.295926
52.5525   -0.44189   -0.314262
52.5775   -0.457588   -0.331059
52.6026   -0.467731   -0.342567
52.6276   -0.474226   -0.350236
52.6526   -0.475923   -0.352982
52.6776   -0.475573   -0.35248
52.7026   -0.47393   -0.348194
52.7277   -0.466437   -0.339538
52.7527   -0.457693   -0.325954
52.7777   -0.445421   -0.310647
52.8028   -0.427891   -0.289196
52.8278   -0.407407   -0.264995
52.8528   -0.383508   -0.237016
52.8778   -0.357455   -0.205405
52.9029   -0.328205   -0.171893
52.9279   -0.298104   -0.13662
52.9529   -0.265161   -0.0987165
52.9779   -0.231114   -0.0586291
53.0029   -0.193553   -0.019808
53.028   -0.159336   0.017224
53.053   -0.126349   0.0535881
53.078   -0.0898668   0.0906794
53.1031   -0.0577243   0.124648
53.1281   -0.0265581   0.158072
53.1531   -0.00012116   0.187236
53.1781   0.0232829   0.211872
53.2032   0.0448014   0.233256
53.2282   0.0610097   0.250327
53.2532   0.0728626   0.262679
53.2782   0.0803479   0.270065
53.3032   0.081098   0.272479
53.3283   0.0806151   0.271522
53.3533   0.0772022   0.265526
53.3783   0.0657283   0.255038
53.4034   0.0471403   0.23708
53.4284   0.0311382   0.218186
53.4534   0.00918998   0.196195
53.4784   -0.0201883   0.165741
53.5035   -0.0490909   0.1356
53.5285   -0.0808464   0.100078
53.5535   -0.113352   0.0652954
53.5785   -0.148506   0.0281608
53.6035   -0.181288   -0.00708698
53.6286   -0.220317   -0.0482284
53.6536   -0.254269   -0.0862732
53.6786   -0.287687   -0.124468
53.7037   -0.318819   -0.160688
53.7287   -0.350004   -0.195628
53.7537   -0.376591   -0.225787
53.7787   -0.400773   -0.255251
53.8038   -0.419259   -0.278725
53.8288   -0.436971   -0.300746
53.8538   -0.454183   -0.31991
53.8788   -0.465551   -0.333135
53.9038   -0.474048   -0.343452
53.9289   -0.475848   -0.348219
53.9539   -0.475381   -0.349091
53.9789   -0.473858   -0.347246
54.004   -0.468821   -0.341329
54.029   -0.458406   -0.330102
54.054   -0.447663   -0.316464
54.079   -0.428696   -0.296923
54.1041   -0.411083   -0.276562
54.1291   -0.388147   -0.24928
54.1541   -0.363035   -0.222068
54.1791   -0.337342   -0.191574
54.2041   -0.309322   -0.15788
54.2292   -0.277227   -0.122368
54.2542   -0.247101   -0.0862026
54.2792   -0.215683   -0.0490721
54.3042   -0.181509   -0.0123776
54.3293   -0.149695   0.0244477
54.3543   -0.119009   0.0567207
54.3793   -0.0899702   0.0905761
54.4044   -0.0594547   0.122662
54.4294   -0.0350897   0.152454
54.4544   -0.0125175   0.178189
54.4794   0.00991467   0.201452
54.5044   0.0269255   0.219601
54.5295   0.0418273   0.2364
54.5545   0.0549588   0.248393
54.5795   0.0585858   0.254148
54.6046   0.0597969   0.256273
54.6296   0.058436   0.255423
54.6546   0.0564281   0.25114
54.6796   0.0454642   0.24014
54.7047   0.0332414   0.226062
54.7297   0.017074   0.207926
54.7547   -0.000728363   0.188238
54.7797   -0.023933   0.162303
54.8047   -0.046879   0.135131
54.8298   -0.0736397   0.103288
54.8548   -0.1034   0.0714182
54.8798   -0.135605   0.0362973
54.9048   -0.167532   0.00241271
54.9299   -0.202198   -0.0355421
54.9549   -0.233093   -0.0719026
54.9799   -0.26505   -0.109329
55.005   -0.296831   -0.145968
55.03   -0.323763   -0.17804
55.055   -0.351299   -0.209304
55.08   -0.376149   -0.238363
55.105   -0.397594   -0.264108
55.1301   -0.418499   -0.28741
55.1551   -0.434817   -0.306279
55.1801   -0.447565   -0.321537
55.2052   -0.456474   -0.33198
55.2302   -0.464326   -0.339592
55.2552   -0.467592   -0.343471
55.2802   -0.466816   -0.342732
55.3053   -0.465713   -0.339438
55.3303   -0.457929   -0.329856
55.3553   -0.448591   -0.317514
55.3803   -0.433921   -0.299827
55.4053   -0.418   -0.281262
55.4304   -0.396678   -0.256119
55.4554   -0.372361   -0.227781
55.4804   -0.346194   -0.197211
55.5054   -0.317803   -0.165267
55.5305   -0.286165   -0.128354
55.5555   -0.255352   -0.0915888
55.5805   -0.223398   -0.0546198
55.6056   -0.189353   -0.0180965
55.6306   -0.156464   0.0186239
55.6556   -0.124051   0.052468
55.6806   -0.0899647   0.0883346
55.7056   -0.0577171   0.121259
55.7307   -0.0322646   0.151337
55.7557   -0.00468545   0.179651
55.7807   0.0184341   0.204397
55.8058   0.0359419   0.223813
55.8308   0.0537713   0.24043
55.8558   0.0675515   0.253608
55.8808   0.0705985   0.258628
55.9059   0.0710357   0.260453
55.9309   0.069426   0.258907
55.9559   0.0667394   0.253603
55.9809   0.054842   0.243203
56.0059   0.0356689   0.226205
56.031   0.0205842   0.20794
56.056   -0.00145243   0.185645
56.081   -0.026798   0.157567
56.106   -0.0567653   0.128024
56.1311   -0.0833885   0.0969985
56.1561   -0.114563   0.064343
56.1811   -0.148409   0.0281034
56.2062   -0.180333   -0.00518737
56.2312   -0.215213   -0.0437561
56.2562   -0.245743   -0.0788955
56.2812   -0.27633   -0.114933
56.3062   -0.308225   -0.151137
56.3313   -0.334559   -0.183256
56.3563   -0.360327   -0.21353
56.3813   -0.381655   -0.239685
56.4064   -0.39851   -0.261512
56.4314   -0.418251   -0.284168
56.4564   -0.43372   -0.302452
56.4814   -0.443767   -0.314898
56.5065   -0.452816   -0.326022
56.5315   -0.454292   -0.330581
56.5565   -0.453608   -0.330787
56.5815   -0.452263   -0.329574
56.6065   -0.449392   -0.324894
56.6316   -0.440062   -0.315352
56.6566   -0.428528   -0.301265
56.6816   -0.413074   -0.282802
56.7066   -0.396089   -0.263588
56.7317   -0.375429   -0.23923
56.7567   -0.355329   -0.213807
56.7817   -0.328596   -0.184082
56.8068   -0.303966   -0.154297
56.8318   -0.27527   -0.120655
56.8568   -0.24618   -0.085381
56.8818   -0.213081   -0.048674
56.9068   -0.184701   -0.0158464
56.9319   -0.15653   0.0179263
56.9569   -0.125555   0.0508362
56.9819   -0.0954781   0.0841206
57.007   -0.0679399   0.11402
57.032   -0.0446665   0.141767
57.057   -0.0233184   0.166316
57.082   -0.00111179   0.19017
57.1071   0.016083   0.209752
57.1321   0.0291263   0.224019
57.1571   0.0432011   0.237276
57.1821   0.0479632   0.243488
57.2071   0.0500394   0.245357
57.2322   0.0488185   0.244289
57.2572   0.0456804   0.239368
57.2822   0.0352202   0.229794
57.3072   0.0223105   0.215366
57.3323   0.00937194   0.1999
57.3573   -0.0102841   0.178964
57.3823   -0.0334919   0.154064
57.4074   -0.0564678   0.127998
57.4324   -0.0814886   0.0987855
57.4574   -0.113838   0.0658532
57.4824   -0.141665   0.0340273
57.5074   -0.170996   0.0024496
57.5325   -0.203739   -0.0340913
57.5575   -0.235243   -0.0701526
57.5825   -0.265725   -0.105837
57.6076   -0.296638   -0.141597
57.6326   -0.322642   -0.173515
57.6576   -0.350316   -0.204498
57.6826   -0.372287   -0.230654
57.7077   -0.391183   -0.254066
57.7327   -0.412296   -0.277775
57.7577   -0.427578   -0.295804
57.7827   -0.440267   -0.310043
57.8077   -0.44851   -0.321021
57.8328   -0.455976   -0.328428
57.8578   -0.457835   -0.330879
57.8828   -0.458214   -0.329908
57.9078   -0.457407   -0.326228
57.9329   -0.448945   -0.317644
57.9579   -0.439678   -0.305482
57.9829   -0.422005   -0.286738
58.008   -0.408666   -0.269604
58.033   -0.383648   -0.242863
58.058   -0.360571   -0.21552
58.083   -0.338847   -0.189019
58.108   -0.309048   -0.156437
58.1331   -0.27965   -0.12123
58.1581   -0.247197   -0.0835431
58.1831   -0.215424   -0.0487226
58.2082   -0.183189   -0.012599
58.2332   -0.149375   0.0224025
58.2582   -0.116922   0.0560955
58.2832   -0.0853552   0.0896711
58.3083   -0.0585404   0.119854
58.3333   -0.0287051   0.150092
58.3583   -0.00360956   0.176047
58.3833   0.0195967   0.200372
58.4083   0.0352744   0.219161
58.4334   0.0483357   0.23325
58.4584   0.0580787   0.244039
58.4834   0.0668937   0.252658
58.5084   0.0678252   0.253902
58.5335   0.0673327   0.25321
58.5585   0.0606779   0.246671
58.5835   0.0464207   0.234039
58.6086   0.0330029   0.21958
58.6336   0.0137422   0.199655
58.6586   -0.00479934   0.179503
58.6836   -0.0305842   0.152527
58.7086   -0.0565513   0.124895
58.7337   -0.0843011   0.0946557
58.7587   -0.115721   0.0617662
58.7837   -0.146262   0.0297325
58.8088   -0.17667   -0.00340816
58.8338   -0.211395   -0.0398656
58.8588   -0.242336   -0.0736668
58.8838   -0.268701   -0.107741
58.9089   -0.298032   -0.142379
58.9339   -0.32461   -0.174546
58.9589   -0.349793   -0.204202
58.9839   -0.371086   -0.229584
59.0089   -0.387946   -0.251865
59.034   -0.408779   -0.27351
59.059   -0.420216   -0.289258
59.084   -0.428585   -0.300368
59.109   -0.436313   -0.310392
59.1341   -0.441368   -0.317081
59.1591   -0.443368   -0.318815
59.1841   -0.442335   -0.317999
59.2092   -0.436938   -0.311983
59.2342   -0.428169   -0.302835
59.2592   -0.418655   -0.289158
59.2842   -0.406449   -0.274724
59.3092   -0.3891   -0.255328
59.3343   -0.36899   -0.231849
59.3593   -0.349325   -0.207811
59.3843   -0.325935   -0.179698
59.4094   -0.300604   -0.150567
59.4344   -0.270837   -0.115999
59.4594   -0.245011   -0.0842091
59.4844   -0.213674   -0.0486975
59.5095   -0.182109   -0.0149826
59.5345   -0.157209   0.0155811
59.5595   -0.126191   0.0479238
59.5845   -0.0992908   0.078838
59.6095   -0.0754683   0.105929
59.6346   -0.0483308   0.135203
59.6596   -0.025714   0.159435
59.6846   -0.0047467   0.182558
59.7096   0.0118343   0.20111
59.7347   0.0249844   0.21479
59.7597   0.0369324   0.227095
59.7847   0.0441323   0.234559
59.8098   0.0453574   0.236
59.8348   0.045716   0.235952
59.8598   0.0447866   0.232148
59.8848   0.0340237   0.222782
59.9098   0.0219456   0.209039
59.9349   0.00934415   0.193816
59.9599   -0.0102394   0.173268
59.9849   -0.0328503   0.148452
60.01   -0.0553149   0.122536
60.035   -0.0808288   0.0948061
60.06   -0.112037   0.0626904
60.085   -0.138288   0.0327663
60.1101   -0.169654   0.00174777
60.1351   -0.202007   -0.0352743
60.1601   -0.233375   -0.0712051
60.1851   -0.260368   -0.10332
60.2101   -0.289777   -0.137016
60.2352   -0.317427   -0.168474
60.2602   -0.340754   -0.196961
60.2852   -0.366252   -0.224015
60.3103   -0.385887   -0.247373
60.3353   -0.407526   -0.270251
60.3603   -0.42033   -0.286229
60.3853   -0.434699   -0.30073
60.4104   -0.439671   -0.309205
60.4354   -0.44607   -0.315918
60.4604   -0.446171   -0.316954
60.4854   -0.445726   -0.316047
60.5104   -0.443686   -0.311656
60.5355   -0.435633   -0.303316
60.5605   -0.426565   -0.290408
60.5855   -0.413439   -0.275456
60.6106   -0.397783   -0.25658
60.6356   -0.376414   -0.232585
60.6606   -0.357972   -0.209363
60.6856   -0.329105   -0.178067
60.7107   -0.305258   -0.149062
60.7357   -0.275758   -0.115558
60.7607   -0.245596   -0.0813726
60.7857   -0.213106   -0.0450502
60.8107   -0.181797   -0.0107516
60.8358   -0.154203   0.0202791
60.8608   -0.124632   0.0520704
60.8858   -0.092818   0.0837334
60.9109   -0.0672251   0.112346
60.9359   -0.0444481   0.13806
60.9609   -0.0230135   0.162819
60.9859   -0.0012378   0.184537
61.011   0.0145207   0.202739
61.036   0.0244602   0.214558
61.061   0.0344155   0.225064
61.086   0.0382142   0.230469
61.111   0.038905   0.231999
61.1361   0.0349659   0.229323
61.1611   0.0322185   0.224832
61.1861   0.0207292   0.214376
61.2112   0.00705906   0.201478
61.2362   -0.0110634   0.182466
61.2612   -0.027124   0.163969
61.2862   -0.0490214   0.139378
61.3113   -0.0709811   0.11421
61.3363   -0.100474   0.0843421
61.3613   -0.128059   0.0543502
61.3863   -0.157727   0.0237402
61.4113   -0.18247   -0.00467416
61.4364   -0.215007   -0.0394927
61.4614   -0.245313   -0.0732305
61.4864   -0.269275   -0.103882
61.5114   -0.297617   -0.137545
61.5365   -0.320304   -0.165849
61.5615   -0.34207   -0.192812
61.5865   -0.366698   -0.219438
61.6116   -0.381903   -0.239681
61.6366   -0.398617   -0.259916
61.6616   -0.414288   -0.275784
61.6866   -0.424768   -0.289319
61.7116   -0.428984   -0.296482
61.7367   -0.435328   -0.302827
61.7617   -0.435815   -0.304015
61.7867   -0.435567   -0.302917
61.8118   -0.433639   -0.298612
61.8368   -0.42617   -0.290862
61.8618   -0.416868   -0.279379
61.8868   -0.400468   -0.261442
61.9119   -0.386552   -0.244046
61.9369   -0.368206   -0.221932
61.9619   -0.348743   -0.197635
61.9869   -0.326766   -0.172094
62.0119   -0.300772   -0.142333
62.037   -0.275241   -0.111458
62.062   -0.247934   -0.0798287
62.087   -0.221201   -0.0475485
62.112   -0.191512   -0.0161269
62.1371   -0.165884   0.0150879
62.1621   -0.13798   0.0440758
62.1871   -0.112687   0.072588
62.2122   -0.0831097   0.102635
62.2372   -0.0588294   0.128412
62.2622   -0.0371193   0.151858
62.2872   -0.017077   0.173121
62.3122   -0.000214283   0.191333
62.3373   0.0116336   0.204199
62.3623   0.0235232   0.216252
62.3873   0.0321052   0.22402
62.4124   0.033386   0.225455
62.4374   0.0336386   0.225299
62.4624   0.0330972   0.221662
62.4874   0.0220743   0.212356
62.5125   0.0102705   0.199818
62.5375   -0.00208283   0.183843
62.5625   -0.0213671   0.163786
62.5875   -0.0421236   0.141655
62.6125   -0.064725   0.115686
62.6376   -0.0910686   0.0895414
62.6626   -0.117147   0.0600394
62.6876   -0.146918   0.0305964
62.7126   -0.177438   -0.000260347
62.7377   -0.203509   -0.0327662
62.7627   -0.235497   -0.0663199
62.7877   -0.264071   -0.0990609
62.8128   -0.288687   -0.131546
62.8378   -0.316475   -0.162528
62.8628   -0.338316   -0.188808
62.8878   -0.365019   -0.216094
62.9128   -0.384343   -0.238712
62.9379   -0.399545   -0.257794
62.9629   -0.416319   -0.276289
62.9879   -0.427372   -0.288689
63.013   -0.435364   -0.298086
63.038   -0.44157   -0.304932
63.063   -0.443571   -0.307079
63.088   -0.443505   -0.306756
63.1131   -0.437869   -0.300548
63.1381   -0.429362   -0.290757
63.1631   -0.419062   -0.278157
63.1881   -0.405807   -0.263508
63.2131   -0.38821   -0.244353
63.2382   -0.36861   -0.221296
63.2632   -0.348318   -0.197088
63.2882   -0.325692   -0.171358
63.3132   -0.298412   -0.141284
63.3383   -0.272179   -0.109828
63.3633   -0.245374   -0.0786977
63.3883   -0.213365   -0.044265
63.4134   -0.184135   -0.0123152
63.4384   -0.157828   0.0193018
63.4634   -0.127257   0.0492666
63.4884   -0.100805   0.0776756
63.5134   -0.0780908   0.103746
63.5385   -0.0527118   0.130301
63.5635   -0.034571   0.151586
63.5885   -0.0139025   0.172804
63.6136   0.00058231   0.189252
63.6386   0.0110457   0.201265
63.6636   0.0200624   0.211233
63.6886   0.0244384   0.216589
63.7137   0.0240154   0.217178
63.7387   0.022631   0.21582
63.7637   0.0205619   0.211804
63.7887   0.00914509   0.201508
63.8137   -0.00326181   0.189124
63.8388   -0.0216509   0.170132
63.8638   -0.0367034   0.15231
63.8888   -0.0587327   0.127911
63.9138   -0.0797491   0.104345
63.9389   -0.104378   0.0764537
63.9639   -0.127014   0.0507083
63.9889   -0.158232   0.0206885
64.0139   -0.186288   -0.00896103
64.039   -0.213091   -0.040671
64.064   -0.2426   -0.0728281
64.089   -0.26703   -0.103083
64.1141   -0.292144   -0.13356
64.1391   -0.317284   -0.163179
64.1641   -0.337204   -0.187789
64.1891   -0.359221   -0.212565
64.2142   -0.377561   -0.233195
64.2392   -0.393925   -0.25199
64.2642   -0.405959   -0.266968
64.2892   -0.416417   -0.279238
64.3143   -0.424622   -0.288761
64.3393   -0.428323   -0.292814
64.3643   -0.42866   -0.294793
64.3893   -0.427945   -0.293113
64.4143   -0.426934   -0.289455
64.4394   -0.418537   -0.280688
64.4644   -0.40966   -0.269447
64.4894   -0.398041   -0.254682
64.5144   -0.381463   -0.235967
64.5395   -0.365158   -0.215786
64.5645   -0.349212   -0.194169
64.5895   -0.324844   -0.167606
64.6145   -0.300633   -0.140329
64.6396   -0.278662   -0.111938
64.6646   -0.251216   -0.0813949
64.6896   -0.224828   -0.0491745
64.7147   -0.20056   -0.0211272
64.7397   -0.170158   0.0117053
64.7647   -0.143893   0.039334
64.7897   -0.11741   0.066847
64.8148   -0.0943713   0.0923866
64.8398   -0.0701311   0.118124
64.8648   -0.0490316   0.140619
64.8898   -0.0264702   0.162676
64.9149   -0.0114685   0.179044
64.9399   -0.000315383   0.191529
64.9649   0.010484   0.202497
64.9899   0.0195725   0.210505
65.0149   0.0213717   0.212539
65.04   0.021686   0.212381
65.065   0.0203943   0.208501
65.09   0.0102593   0.199182
65.115   -0.00131437   0.186804
65.1401   -0.0137569   0.17152
65.1651   -0.0322122   0.151628
65.1901   -0.0531986   0.129774
65.2151   -0.0742085   0.105613
65.2402   -0.10021   0.0787543
65.2652   -0.126008   0.0515356
65.2902   -0.153789   0.0222077
65.3153   -0.181447   -0.00554255
65.3403   -0.212891   -0.0400497
65.3653   -0.237887   -0.0695421
65.3903   -0.266051   -0.10184
65.4154   -0.289895   -0.132676
65.4404   -0.317154   -0.163358
65.4654   -0.337713   -0.188164
65.4904   -0.360858   -0.213348
65.5155   -0.378446   -0.233644
65.5405   -0.395608   -0.253081
65.5655   -0.407557   -0.268374
65.5905   -0.416919   -0.279827
65.6155   -0.425912   -0.288621
65.6406   -0.431609   -0.294412
