0.025025   -0.569817   0.744354
0.05005   -0.569883   0.746286
0.075075   -0.570002   0.747696
0.1001   -0.569948   0.750739
0.125125   -0.569085   0.754529
0.15015   -0.56926   0.75502
0.175175   -0.569491   0.754801
0.2002   -0.569446   0.755212
0.225225   -0.569212   0.755609
0.25025   -0.569038   0.755909
0.275275   -0.569104   0.75532
0.3003   -0.569166   0.754989
0.325325   -0.569215   0.754474
0.35035   -0.569088   0.754857
0.375375   -0.568967   0.755445
0.4004   -0.569339   0.755371
0.425425   -0.569814   0.753406
0.45045   -0.570142   0.750575
0.475475   -0.575535   0.74108
0.5005   -0.583152   0.728806
0.525525   -0.596191   0.705126
0.55055   -0.613258   0.668621
0.575575   -0.632396   0.627373
0.6006   -0.657811   0.577202
0.625625   -0.687533   0.524623
0.65065   -0.718185   0.470557
0.675675   -0.753427   0.414162
0.7007   -0.791058   0.353248
0.725725   -0.830373   0.300121
0.75075   -0.878168   0.241908
0.775775   -0.923234   0.185997
0.8008   -0.971836   0.134559
0.825825   -1.02672   0.081689
0.85085   -1.08321   0.0256751
0.875875   -1.1415   -0.0227313
0.9009   -1.20061   -0.0704156
0.925925   -1.26014   -0.114384
0.95095   -1.31841   -0.152773
0.975975   -1.37937   -0.189563
1.001   1.70857   1.30158
1.02602   1.65864   1.25436
1.05105   1.61302   1.21214
1.07607   1.57064   1.17682
1.1011   1.53592   1.14969
1.12613   1.50995   1.13279
1.15115   1.49345   1.12403
1.17617   1.48441   1.12537
1.2012   1.48424   1.13382
1.22622   1.49573   1.15268
1.25125   1.51785   1.18272
1.27628   1.54429   1.21855
1.3013   1.58577   1.26632
1.32632   1.63798   1.32348
1.35135   1.69665   1.3885
1.37637   -1.37859   -0.16795
1.4014   -1.30632   -0.114861
1.42643   -1.22289   -0.0621363
1.45145   -1.13901   -0.00133578
1.47647   -1.05119   0.0732255
1.5015   -0.965045   0.157277
1.52652   -0.885423   0.241733
1.55155   -0.80697   0.333307
1.57658   -0.738266   0.423193
1.6016   -0.673506   0.513648
1.62662   -0.618062   0.596857
1.65165   -0.57069   0.675757
1.67667   -0.530223   0.74201
1.7017   -0.499229   0.799363
1.72673   -0.475926   0.842019
1.75175   -0.460551   0.870484
1.77677   -0.453906   0.883008
1.8018   -0.453819   0.881792
1.82682   -0.460731   0.864237
1.85185   -0.476522   0.832412
1.87688   -0.499832   0.788691
1.9019   -0.530486   0.729863
1.92692   -0.569746   0.66256
1.95195   -0.616026   0.586221
1.97697   -0.673053   0.50239
2.002   -0.739164   0.411872
2.02703   -0.807634   0.324676
2.05205   -0.887782   0.234075
2.07707   -0.972173   0.148548
2.1021   -1.05947   0.0667703
2.12712   -1.15083   -0.00528593
2.15215   -1.23585   -0.0606202
2.17718   -1.32103   -0.125316
2.2022   -1.39991   -0.178031
2.22722   1.67259   1.36039
2.25225   1.61306   1.29714
2.27727   1.56263   1.24193
2.3023   1.52058   1.1962
2.32733   1.49328   1.16202
2.35235   1.47269   1.13565
2.37737   1.46385   1.12047
2.4024   1.46342   1.11322
2.42742   1.47493   1.11696
2.45245   1.4955   1.12905
2.47748   1.52851   1.15156
2.5025   1.56576   1.18224
2.52752   1.61349   1.22249
2.55255   1.66377   1.26808
2.57757   1.72184   1.32167
2.6026   -1.35692   -0.174496
2.62763   -1.29524   -0.13666
2.65265   -1.23061   -0.0933544
2.67767   -1.16685   -0.0450555
2.7027   -1.10739   0.00216598
2.72772   -1.04635   0.0538133
2.75275   -0.991287   0.107714
2.77778   -0.93962   0.159414
2.8028   -0.888937   0.219429
2.82782   -0.840488   0.277712
2.85285   -0.797939   0.335451
2.87787   -0.761419   0.388089
2.9029   -0.726982   0.443351
2.92793   -0.696851   0.493615
2.95295   -0.668801   0.545226
2.97797   -0.646765   0.589668
3.003   -0.627655   0.628402
3.02802   -0.614788   0.658224
3.05305   -0.605135   0.680019
3.07808   -0.59817   0.691935
3.1031   -0.596615   0.695345
3.12812   -0.599013   0.686336
3.15315   -0.605659   0.669777
3.17817   -0.619783   0.638078
3.2032   -0.63617   0.603089
3.22823   -0.655039   0.561635
3.25325   -0.679783   0.51398
3.27827   -0.707603   0.461783
3.3033   -0.741733   0.408679
3.32832   -0.780016   0.351631
3.35335   -0.821541   0.296497
3.37838   -0.868922   0.238117
3.4034   -0.919324   0.180207
3.42842   -0.974086   0.124821
3.45345   -1.03077   0.0710676
3.47847   -1.09457   0.0145188
3.5035   -1.15543   -0.0368496
3.52853   -1.22368   -0.0837435
3.55355   -1.28741   -0.127134
3.57857   -1.35452   -0.168842
3.6036   1.7251   1.33018
3.62862   1.66418   1.2737
3.65365   1.61161   1.22572
3.67868   1.56637   1.18698
3.7037   1.52797   1.15683
3.72872   1.49641   1.13281
3.75375   1.47392   1.1195
3.77877   1.46272   1.11566
3.8038   1.46137   1.12141
3.82883   1.47143   1.13793
3.85385   1.48881   1.16187
3.87887   1.51924   1.1965
3.9039   1.55969   1.24105
3.92893   1.61298   1.29675
3.95395   1.67308   1.36007
3.97898   -1.39641   -0.177407
4.004   -1.32054   -0.133377
4.02902   -1.23734   -0.0764304
4.05405   -1.15117   -0.0109568
4.07907   -1.06276   0.060468
4.1041   -0.978829   0.138645
4.12913   -0.898088   0.220258
4.15415   -0.81984   0.307939
4.17917   -0.750399   0.391033
4.2042   -0.687004   0.477061
4.22922   -0.634065   0.555314
4.25425   -0.587113   0.629151
4.27928   -0.549987   0.69437
4.3043   -0.520068   0.748957
4.32932   -0.497762   0.792553
4.35435   -0.482032   0.82335
4.37937   -0.475549   0.840619
4.4044   -0.475581   0.842335
4.42943   -0.4824   0.829306
4.45445   -0.497985   0.801586
4.47947   -0.521653   0.760836
4.5045   -0.551833   0.707764
4.52952   -0.591056   0.644283
4.55455   -0.635357   0.571663
4.57958   -0.68881   0.491756
4.6046   -0.747657   0.409696
4.62962   -0.818536   0.319459
4.65465   -0.889338   0.237725
4.67967   -0.963598   0.156557
4.7047   -1.04282   0.0776485
4.72973   -1.12196   0.00897091
4.75475   -1.19959   -0.0488417
4.77977   -1.27534   -0.102593
4.8048   -1.34568   -0.149121
4.82982   1.73281   1.41694
4.85485   1.67623   1.35584
4.87988   1.6281   1.30113
4.9049   1.59058   1.25567
4.92992   1.56039   1.21867
4.95495   1.53947   1.19128
4.97997   1.53006   1.17246
5.005   1.52886   1.16176
5.03003   1.53197   1.15946
5.05505   1.54487   1.16557
5.08007   1.56678   1.18026
5.1051   1.59697   1.20419
5.13012   1.62798   1.23303
5.15515   1.66629   1.26916
5.18018   1.71248   1.31348
5.2052   -1.37995   -0.185253
5.23022   -1.33017   -0.153682
5.25525   -1.27506   -0.116808
5.28027   -1.22173   -0.078812
5.3053   -1.16649   -0.0363157
5.33033   -1.11265   0.00812409
5.35535   -1.05945   0.0572144
5.38037   -1.00761   0.104843
5.4054   -0.958312   0.153718
5.43042   -0.909632   0.2065
5.45545   -0.864928   0.25808
5.48048   -0.826801   0.311477
5.5055   -0.787112   0.364974
5.53052   -0.749875   0.423536
5.55555   -0.715188   0.477927
5.58057   -0.685952   0.527134
5.6056   -0.661039   0.57459
5.63063   -0.64002   0.61506
5.65565   -0.622997   0.646938
5.68067   -0.608549   0.673226
5.7057   -0.601244   0.685363
5.73072   -0.600051   0.686725
5.75575   -0.60049   0.680418
5.78078   -0.606613   0.660626
5.8058   -0.615975   0.632357
5.83082   -0.633527   0.597331
5.85585   -0.650998   0.554609
5.88087   -0.676865   0.506309
5.9059   -0.706463   0.455259
5.93093   -0.742585   0.396982
5.95595   -0.786336   0.340619
5.98097   -0.83187   0.2797
6.006   -0.885043   0.217531
6.03102   -0.940566   0.163726
6.05605   -1.00404   0.0987522
6.08108   -1.07146   0.036128
6.1061   -1.13881   -0.0189731
6.13112   -1.213   -0.0723416
6.15615   -1.28343   -0.120408
6.18117   -1.3549   -0.166087
6.2062   1.7158   1.34424
6.23123   1.65362   1.28558
6.25625   1.59836   1.2369
6.28127   1.54805   1.19236
6.3063   1.50846   1.15911
6.33132   1.47532   1.13281
6.35635   1.45309   1.11804
6.38138   1.44103   1.11239
6.4064   1.44022   1.11576
6.43142   1.45083   1.13045
6.45645   1.46871   1.15335
6.48147   1.4999   1.18643
6.5065   1.54263   1.23079
6.53153   1.59301   1.28286
6.55655   1.65257   1.34183
6.58157   1.72436   1.41293
6.6066   -1.34389   -0.147589
6.63162   -1.25803   -0.0900435
6.65665   -1.1741   -0.0265011
6.68168   -1.08766   0.0400613
6.7067   -1.0065   0.112219
6.73172   -0.925744   0.193034
6.75675   -0.850543   0.274832
6.78177   -0.782389   0.355714
6.8068   -0.724385   0.432856
6.83183   -0.670162   0.507584
6.85685   -0.626994   0.577005
6.88187   -0.588222   0.639204
6.9069   -0.561662   0.690023
6.93192   -0.539249   0.733733
6.95695   -0.522439   0.76728
6.98198   -0.516456   0.783747
7.007   -0.516307   0.788902
7.03202   -0.522724   0.779509
7.05705   -0.538785   0.753923
7.08207   -0.562509   0.718944
7.1071   -0.589691   0.671579
7.13213   -0.626122   0.6102
7.15715   -0.672789   0.540906
7.18217   -0.719174   0.468
7.2072   -0.773393   0.391059
7.23222   -0.832827   0.31371
7.25725   -0.899723   0.236003
7.28228   -0.967896   0.160535
7.3073   -1.0391   0.0880343
7.33232   -1.11093   0.0225121
7.35735   -1.17985   -0.0330735
7.38237   -1.24927   -0.0769106
7.4074   -1.30926   -0.121718
7.43243   -1.36909   -0.163913
7.45745   1.72076   1.40426
7.48247   1.67684   1.35063
7.5075   1.64037   1.3058
7.53252   1.61021   1.26769
7.55755   1.58563   1.23594
7.58258   1.56878   1.21214
7.6076   1.56175   1.19773
7.63262   1.55774   1.18865
7.65765   1.56529   1.18947
7.68267   1.57898   1.19841
7.7077   1.59423   1.21046
7.73273   1.61832   1.23223
7.75775   1.64912   1.26111
7.78277   1.68215   1.29595
7.8078   1.71793   1.3346
7.83282   -1.38164   -0.183253
7.85785   -1.34062   -0.156216
7.88288   -1.29445   -0.125203
7.9079   -1.24397   -0.089274
7.93293   -1.19656   -0.0546005
7.95795   -1.14752   -0.0142694
7.98297   -1.097   0.0267146
8.008   -1.04773   0.0739747
8.03303   -0.996946   0.123146
8.05805   -0.946852   0.173609
8.08307   -0.900589   0.229137
8.1081   -0.853509   0.285816
8.13312   -0.812033   0.343418
8.15815   -0.771676   0.400631
8.18318   -0.735518   0.459206
8.2082   -0.704114   0.510087
8.23322   -0.67814   0.557915
8.25825   -0.653207   0.59937
8.28327   -0.634837   0.630171
8.3083   -0.621276   0.654232
8.33333   -0.61282   0.664581
8.35835   -0.611422   0.661788
8.38338   -0.613159   0.652452
8.4084   -0.619701   0.632456
8.43342   -0.631221   0.602761
8.45845   -0.649288   0.56376
8.48348   -0.674566   0.51669
8.5085   -0.70301   0.465633
8.53353   -0.738986   0.411044
8.55855   -0.781413   0.351055
8.58357   -0.828089   0.288046
8.6086   -0.883924   0.224181
8.63363   -0.939424   0.159102
8.65865   -1.00377   0.0999969
8.68368   -1.07115   0.039761
8.7087   -1.13919   -0.0177069
8.73372   -1.21538   -0.0728193
8.75875   -1.28642   -0.119469
8.78378   -1.35929   -0.165056
8.8088   1.71133   1.35844
8.83383   1.65013   1.30035
8.85885   1.59353   1.24893
8.88387   1.54522   1.20433
8.9089   1.50239   1.16867
8.93393   1.47438   1.14367
8.95895   1.45385   1.12808
8.98398   1.44304   1.12101
9.009   1.443   1.12399
9.03402   1.4546   1.13715
9.05905   1.477   1.16026
9.08408   1.50891   1.1923
9.1091   1.54765   1.2325
9.13412   1.60337   1.28499
9.15915   1.66279   1.34352
9.18417   1.73403   1.41271
9.2092   -1.33536   -0.145223
9.23423   -1.25457   -0.0906173
9.25925   -1.1727   -0.0309807
9.28427   -1.09185   0.0327942
9.3093   -1.01223   0.101919
9.33432   -0.938326   0.174975
9.35935   -0.86709   0.250283
9.38438   -0.806664   0.323754
9.4094   -0.748923   0.396212
9.43442   -0.699078   0.465928
9.45945   -0.658448   0.527707
9.48447   -0.625549   0.586735
9.5095   -0.595186   0.639364
9.53453   -0.576665   0.677283
9.55955   -0.56352   0.7077
9.58457   -0.555419   0.725931
9.6096   -0.553607   0.734133
9.63462   -0.560951   0.727168
9.65965   -0.572042   0.712817
9.68468   -0.593785   0.677572
9.7097   -0.620023   0.635499
9.73472   -0.652617   0.583294
9.75975   -0.690112   0.521796
9.78477   -0.733692   0.456711
9.8098   -0.782384   0.387832
9.83483   -0.833777   0.317703
9.85985   -0.890115   0.249336
9.88487   -0.948254   0.181775
9.9099   -1.01151   0.115312
9.93492   -1.07314   0.0561067
9.95995   -1.12813   0.0070987
9.98498   -1.19264   -0.0396107
10.01   -1.24438   -0.0757075
10.035   -1.29751   -0.120614
10.0601   -1.34652   -0.151422
10.0851   -1.3916   -0.176833
10.1101   1.71298   1.36716
10.1351   1.68005   1.32657
10.1601   1.65468   1.2927
10.1852   1.63231   1.26469
10.2102   1.6179   1.24518
10.2352   1.60783   1.23096
10.2602   1.60574   1.22405
10.2853   1.60675   1.22333
10.3103   1.61721   1.23155
10.3353   1.62956   1.24484
10.3604   1.65031   1.26572
10.3854   1.67563   1.29332
10.4104   1.70243   1.32629
10.4354   -1.40628   -0.192604
10.4604   -1.37035   -0.168196
10.4855   -1.33264   -0.145258
10.5105   -1.28959   -0.113235
10.5355   -1.24341   -0.0817576
10.5605   -1.19389   -0.0421166
10.5856   -1.14719   -0.00283618
10.6106   -1.09439   0.0409176
10.6356   -1.04322   0.0866863
10.6607   -0.99279   0.134106
10.6857   -0.939948   0.190304
10.7107   -0.890273   0.245725
10.7357   -0.844955   0.306056
10.7607   -0.7969   0.370179
10.7858   -0.759163   0.424834
10.8108   -0.720212   0.484993
10.8358   -0.689426   0.538331
10.8608   -0.661269   0.58596
10.8859   -0.636527   0.622853
10.9109   -0.620911   0.651916
10.9359   -0.607471   0.67062
10.961   -0.60242   0.674113
10.986   -0.600962   0.668418
11.011   -0.602444   0.656245
11.036   -0.615726   0.626802
11.061   -0.632545   0.589029
11.0861   -0.655945   0.547935
11.1111   -0.686362   0.49708
11.1361   -0.722992   0.438765
11.1611   -0.763044   0.384118
11.1862   -0.812001   0.31934
11.2112   -0.867347   0.251066
11.2362   -0.926426   0.189406
11.2613   -0.990766   0.126742
11.2863   -1.06054   0.0667292
11.3113   -1.13425   0.00333591
11.3363   -1.20939   -0.0551242
11.3613   -1.27978   -0.105665
11.3864   -1.35495   -0.151011
11.4114   1.71583   1.37622
11.4364   1.65421   1.31778
11.4614   1.59815   1.26596
11.4865   1.54815   1.22067
11.5115   1.51103   1.18575
11.5365   1.48102   1.16007
11.5616   1.4632   1.14476
11.5866   1.45501   1.13771
11.6116   1.45538   1.13918
11.6366   1.46798   1.15104
11.6616   1.48984   1.17204
11.6867   1.52312   1.20242
11.7117   1.56764   1.24408
11.7367   1.61648   1.2911
11.7617   1.67514   1.34627
11.7868   -1.401   -0.176028
11.8118   -1.33246   -0.134813
11.8368   -1.25519   -0.0840134
11.8619   -1.1812   -0.0284407
11.8869   -1.10209   0.0372569
11.9119   -1.0285   0.101602
11.9369   -0.958629   0.165426
11.9619   -0.894951   0.229014
11.987   -0.83463   0.295694
12.012   -0.779147   0.363302
12.037   -0.734454   0.425323
12.062   -0.694182   0.485897
12.0871   -0.661517   0.538402
12.1121   -0.634548   0.585243
12.1371   -0.614899   0.627027
12.1622   -0.602055   0.657457
12.1872   -0.59407   0.677986
12.2122   -0.593409   0.685566
12.2372   -0.597856   0.683529
12.2622   -0.608638   0.669447
12.2873   -0.627317   0.640595
12.3123   -0.650598   0.607446
12.3373   -0.676808   0.564393
12.3623   -0.712724   0.51002
12.3874   -0.747821   0.451559
12.4124   -0.789229   0.391417
12.4374   -0.8351   0.330578
12.4625   -0.884686   0.267289
12.4875   -0.937117   0.205736
12.5125   -0.990476   0.150268
12.5375   -1.04679   0.0914286
12.5625   -1.09999   0.0424679
12.5876   -1.15329   0.00606761
12.6126   -1.20553   -0.0310786
12.6376   -1.25456   -0.0793868
12.6626   -1.29916   -0.112604
12.6877   -1.34479   -0.141776
12.7127   -1.38169   -0.166501
12.7377   1.7239   1.37011
12.7628   1.69521   1.33319
12.7878   1.66747   1.30101
12.8128   1.6493   1.2768
12.8378   1.63019   1.25672
12.8628   1.61804   1.24355
12.8879   1.61651   1.23948
12.9129   1.6162   1.23938
12.9379   1.62008   1.246
12.9629   1.63223   1.26095
12.988   1.64615   1.27929
13.013   1.66477   1.30494
13.038   1.69106   1.33735
13.0631   1.72401   1.37673
13.0881   -1.38216   -0.163131
13.1131   -1.34454   -0.139798
13.1381   -1.29831   -0.110439
13.1631   -1.25139   -0.0730663
13.1882   -1.20259   -0.0307243
13.2132   -1.14894   0.00828154
13.2382   -1.09229   0.0484492
13.2632   -1.03731   0.101116
13.2883   -0.981825   0.155953
13.3133   -0.928575   0.211166
13.3383   -0.876469   0.27479
13.3634   -0.826772   0.338909
13.3884   -0.780784   0.40281
13.4134   -0.738937   0.46315
13.4384   -0.703845   0.51677
13.4634   -0.669925   0.565405
13.4885   -0.644077   0.60783
13.5135   -0.624136   0.642039
13.5385   -0.609116   0.66227
13.5635   -0.601138   0.672282
13.5886   -0.600544   0.669588
13.6136   -0.603894   0.655645
13.6386   -0.612927   0.633693
13.6637   -0.629153   0.600253
13.6887   -0.654377   0.5568
13.7137   -0.686856   0.503947
13.7387   -0.720387   0.449073
13.7637   -0.763119   0.389003
13.7888   -0.814286   0.323182
13.8138   -0.870105   0.256557
13.8388   -0.930028   0.194028
13.8638   -0.995357   0.129209
13.8889   -1.06794   0.0677192
13.9139   -1.13746   0.0109366
13.9389   -1.21529   -0.0559793
13.964   -1.28667   -0.105938
13.989   -1.35764   -0.150077
14.014   1.71683   1.39388
14.039   1.65632   1.33601
14.064   1.60393   1.28506
14.0891   1.55972   1.24332
14.1141   1.52476   1.20879
14.1391   1.49895   1.18333
14.1641   1.48143   1.16669
14.1892   1.47764   1.16144
14.2142   1.47998   1.16261
14.2392   1.49264   1.17369
14.2643   1.51439   1.19369
14.2893   1.54806   1.22308
14.3143   1.5869   1.26038
14.3393   1.63169   1.30293
14.3643   1.68782   1.35583
14.3894   -1.39237   -0.174269
14.4144   -1.32569   -0.131905
14.4394   -1.25731   -0.0883541
14.4644   -1.18714   -0.0379653
14.4895   -1.11653   0.0195184
14.5145   -1.04873   0.0799856
14.5395   -0.984849   0.139752
14.5646   -0.924321   0.199413
14.5896   -0.872221   0.254324
14.6146   -0.822723   0.313471
14.6396   -0.778691   0.372155
14.6646   -0.739053   0.427739
14.6897   -0.708442   0.478714
14.7147   -0.681343   0.523432
14.7397   -0.662719   0.560906
14.7647   -0.650028   0.589917
14.7898   -0.640365   0.611188
14.8148   -0.636185   0.624664
14.8398   -0.638276   0.62344
14.8649   -0.645194   0.616947
14.8899   -0.659212   0.596309
14.9149   -0.674814   0.568428
14.9399   -0.700501   0.528524
14.9649   -0.729073   0.48324
14.99   -0.759124   0.434642
15.015   -0.796429   0.379527
15.04   -0.833238   0.328648
15.065   -0.876132   0.272664
15.0901   -0.919093   0.21836
15.1151   -0.964475   0.168852
15.1401   -1.0129   0.117983
15.1652   -1.06165   0.0707842
15.1902   -1.1088   0.0346037
15.2152   -1.15584   -0.00458346
15.2402   -1.20152   -0.0474065
15.2652   -1.24577   -0.0831227
15.2903   -1.28955   -0.113131
15.3153   -1.32706   -0.140156
15.3403   -1.36818   -0.165723
15.3653   -1.40444   -0.18727
15.3904   1.70969   1.33819
15.4154   1.68533   1.30862
15.4404   1.66362   1.28593
15.4655   1.64326   1.26644
15.4905   1.63179   1.25595
15.5155   1.6269   1.25145
15.5405   1.62374   1.25271
15.5655   1.62829   1.26188
15.5906   1.63998   1.2778
15.6156   1.65438   1.29966
15.6406   1.6767   1.32824
15.6656   1.70411   1.36268
15.6907   -1.40622   -0.182167
15.7157   -1.37085   -0.161435
15.7407   -1.32563   -0.134043
15.7658   -1.27886   -0.0986319
15.7908   -1.22963   -0.0584309
15.8158   -1.1739   -0.019132
15.8408   -1.11957   0.0220824
15.8659   -1.06468   0.071525
15.8909   -1.00474   0.12718
15.9159   -0.948167   0.191666
15.9409   -0.895113   0.252855
15.9659   -0.839962   0.320802
15.991   -0.79701   0.381916
16.016   -0.752332   0.4446
16.041   -0.716146   0.500033
16.0661   -0.682291   0.55106
16.0911   -0.655353   0.592994
16.1161   -0.633664   0.626541
16.1411   -0.620222   0.645741
16.1662   -0.612893   0.656907
16.1912   -0.610675   0.65651
16.2162   -0.614611   0.645156
16.2412   -0.623777   0.624854
16.2662   -0.640862   0.594299
16.2913   -0.665706   0.551358
16.3163   -0.696876   0.499946
16.3413   -0.734557   0.444325
16.3664   -0.775414   0.384472
16.3914   -0.825529   0.319349
16.4164   -0.879991   0.254855
16.4414   -0.939182   0.192576
16.4665   -1.00313   0.128496
16.4915   -1.06898   0.0712787
16.5165   -1.13604   0.0181208
16.5415   -1.20895   -0.0422294
16.5665   -1.27828   -0.095282
16.5916   -1.34184   -0.141292
16.6166   -1.40341   -0.176263
16.6416   1.68375   1.36455
16.6667   1.63297   1.3146
16.6917   1.59529   1.27509
16.7167   1.56151   1.2414
16.7417   1.53945   1.21727
16.7668   1.52431   1.20149
16.7918   1.51907   1.19344
16.8168   1.52584   1.19638
16.8418   1.53805   1.20573
16.8668   1.56023   1.22393
16.8919   1.58662   1.2488
16.9169   1.62143   1.281
16.9419   1.66631   1.32358
16.967   1.71716   1.37287
16.992   -1.37119   -0.160441
17.017   -1.31286   -0.12398
17.042   -1.25292   -0.0852807
17.0671   -1.18867   -0.0383976
17.0921   -1.12871   0.00892108
17.1171   -1.06807   0.0639819
17.1421   -1.01098   0.121228
17.1671   -0.957604   0.168509
17.1922   -0.905819   0.221044
17.2172   -0.857727   0.277344
17.2422   -0.818586   0.329324
17.2673   -0.782094   0.381061
17.2923   -0.75185   0.427372
17.3173   -0.724144   0.468832
17.3423   -0.703648   0.506742
17.3674   -0.687916   0.536324
17.3924   -0.675415   0.561504
17.4174   -0.671767   0.574208
17.4424   -0.66953   0.582469
17.4674   -0.671644   0.580436
17.4925   -0.68184   0.56874
17.5175   -0.692371   0.547393
17.5425   -0.710471   0.521491
17.5676   -0.730827   0.486135
17.5926   -0.757463   0.445545
17.6176   -0.785195   0.40267
17.6426   -0.819787   0.351167
17.6677   -0.855771   0.305337
17.6927   -0.895976   0.255453
17.7177   -0.936866   0.208154
17.7427   -0.979432   0.157512
17.7677   -1.02244   0.113722
17.7928   -1.06693   0.0745635
17.8178   -1.11177   0.0375817
17.8428   -1.15921   -0.00841967
17.8679   -1.20456   -0.0500383
17.8929   -1.25009   -0.0836869
17.9179   -1.29044   -0.112505
17.9429   -1.33499   -0.141932
17.968   -1.37208   -0.167204
17.993   1.7338   1.36757
18.018   1.70019   1.33348
18.043   1.67572   1.30714
18.068   1.65308   1.28515
18.0931   1.63216   1.26781
18.1181   1.6195   1.25871
18.1431   1.61622   1.25703
18.1682   1.61763   1.26242
18.1932   1.62133   1.27255
18.2182   1.63694   1.29253
18.2432   1.65522   1.31752
18.2683   1.6788   1.34807
18.2933   1.71252   1.38816
18.3183   -1.3936   -0.172914
18.3433   -1.34831   -0.146678
18.3683   -1.30054   -0.113495
18.3934   -1.24661   -0.0719261
18.4184   -1.19177   -0.0322454
18.4434   -1.13097   0.012292
18.4685   -1.07278   0.0636216
18.4935   -1.01233   0.122719
18.5185   -0.956118   0.179782
18.5435   -0.899432   0.243774
18.5686   -0.845289   0.309882
18.5936   -0.798332   0.372269
18.6186   -0.75425   0.430352
18.6436   -0.716558   0.489841
18.6686   -0.683407   0.537608
18.6937   -0.655855   0.58052
18.7187   -0.637917   0.61163
18.7437   -0.622521   0.632774
18.7688   -0.614688   0.643466
18.7938   -0.614568   0.6429
18.8188   -0.616876   0.633826
18.8438   -0.629461   0.61214
18.8689   -0.646686   0.581205
18.8939   -0.671576   0.541313
18.9189   -0.703674   0.492604
18.9439   -0.737895   0.439183
18.9689   -0.781343   0.379575
18.994   -0.829748   0.319115
19.019   -0.885984   0.254854
19.044   -0.940644   0.190401
19.0691   -1.00405   0.127386
19.0941   -1.06714   0.0726407
19.1191   -1.13165   0.0254288
19.1441   -1.19928   -0.0282272
19.1692   -1.26559   -0.0842806
19.1942   -1.32547   -0.127584
19.2192   -1.38215   -0.164531
19.2442   1.70896   1.39115
19.2692   1.6655   1.34459
19.2943   1.62687   1.30492
19.3193   1.59631   1.27273
19.3443   1.57516   1.24841
19.3694   1.56335   1.23259
19.3944   1.55971   1.22596
19.4194   1.56147   1.22488
19.4444   1.5734   1.23319
19.4695   1.59402   1.24978
19.4945   1.61962   1.2727
19.5195   1.65417   1.30387
19.5445   1.69133   1.33973
19.5695   -1.40429   -0.178878
19.5946   -1.35829   -0.150528
19.6196   -1.30509   -0.118283
19.6446   -1.25126   -0.0829677
19.6697   -1.19884   -0.0445556
19.6947   -1.1416   0.000722831
19.7197   -1.08749   0.0483758
19.7447   -1.03379   0.0994933
19.7698   -0.984861   0.148011
19.7948   -0.937025   0.192664
19.8198   -0.892643   0.240641
19.8448   -0.855435   0.287419
19.8698   -0.82023   0.33225
19.8949   -0.789206   0.375749
19.9199   -0.761709   0.41755
19.9449   -0.737752   0.456527
19.97   -0.720824   0.487702
19.995   -0.706652   0.514696
20.02   -0.69714   0.532943
20.045   -0.690478   0.546611
20.07   -0.689165   0.548483
20.0951   -0.692086   0.546309
20.1201   -0.69834   0.533143
20.1451   -0.711313   0.514258
20.1701   -0.725189   0.485798
20.1952   -0.746689   0.451547
20.2202   -0.769921   0.415107
20.2452   -0.798493   0.371842
20.2703   -0.828119   0.331946
20.2953   -0.864292   0.283684
20.3203   -0.89921   0.241823
20.3453   -0.939295   0.192121
20.3703   -0.978989   0.150327
20.3954   -1.02444   0.108575
20.4204   -1.0685   0.0672357
20.4454   -1.11521   0.0248346
20.4704   -1.16325   -0.0214982
20.4955   -1.21145   -0.0567227
20.5205   -1.25648   -0.0897266
20.5455   -1.30113   -0.121175
20.5706   -1.34412   -0.14846
20.5956   -1.38693   -0.172504
20.6206   1.72076   1.35356
20.6456   1.68849   1.32156
20.6706   1.66391   1.29808
20.6957   1.64108   1.27915
20.7207   1.62285   1.26637
20.7457   1.61668   1.26148
20.7707   1.61579   1.26419
20.7958   1.61867   1.27281
20.8208   1.63056   1.28926
20.8458   1.64956   1.31321
20.8709   1.67639   1.34492
20.8959   1.71059   1.38282
20.9209   -1.39468   -0.166732
20.9459   -1.34789   -0.139279
20.9709   -1.29915   -0.104349
20.996   -1.24291   -0.0611995
21.021   -1.18592   -0.0191105
21.046   -1.12623   0.025497
21.071   -1.06482   0.0761624
21.0961   -1.00527   0.1292
21.1211   -0.945579   0.189715
21.1461   -0.889911   0.249205
21.1712   -0.836538   0.311605
21.1962   -0.789656   0.369464
21.2212   -0.746944   0.424881
21.2462   -0.710486   0.477593
21.2712   -0.677529   0.522952
21.2963   -0.65042   0.564803
21.3213   -0.634466   0.594214
21.3463   -0.617204   0.616621
21.3713   -0.614265   0.625887
21.3964   -0.612448   0.627595
21.4214   -0.615284   0.618964
21.4464   -0.629065   0.598034
21.4715   -0.645877   0.566606
21.4965   -0.672439   0.526415
21.5215   -0.704186   0.480692
21.5465   -0.738267   0.428477
21.5715   -0.779888   0.373167
21.5966   -0.82738   0.31262
21.6216   -0.875637   0.254333
21.6466   -0.933435   0.189926
21.6716   -0.992628   0.13052
21.6967   -1.05549   0.0722745
21.7217   -1.11625   0.0211575
21.7467   -1.17684   -0.022333
21.7718   -1.23564   -0.0699457
21.7968   -1.29119   -0.111389
21.8218   -1.34624   -0.147509
21.8468   -1.39399   -0.174205
21.8718   1.70587   1.38208
21.8969   1.67191   1.3437
21.9219   1.64544   1.31313
21.9469   1.62551   1.28919
21.9719   1.61288   1.27234
21.997   1.60772   1.2634
22.022   1.60766   1.26174
22.047   1.61881   1.26847
22.0721   1.63435   1.28015
22.0971   1.65573   1.30036
22.1221   1.6868   1.32737
22.1471   1.72184   1.36126
22.1721   -1.38322   -0.172897
22.1972   -1.33776   -0.146851
22.2222   -1.29203   -0.116872
22.2472   -1.24287   -0.0850245
22.2722   -1.19489   -0.0491635
22.2973   -1.14615   -0.0125614
22.3223   -1.09628   0.0310356
22.3473   -1.04906   0.0790487
22.3724   -1.00106   0.120875
22.3974   -0.955526   0.164214
22.4224   -0.914839   0.21156
22.4474   -0.874126   0.257293
22.4724   -0.83623   0.306297
22.4975   -0.806003   0.345471
22.5225   -0.777546   0.38678
22.5475   -0.750404   0.428463
22.5725   -0.731964   0.460434
22.5976   -0.711924   0.491431
22.6226   -0.701031   0.510788
22.6476   -0.693598   0.527646
22.6727   -0.689441   0.533023
22.6977   -0.687848   0.537989
22.7227   -0.693866   0.5285
22.7477   -0.698184   0.517053
22.7727   -0.710624   0.493889
22.7978   -0.729532   0.464579
22.8228   -0.747874   0.434326
22.8478   -0.770866   0.396046
22.8728   -0.796203   0.356332
22.8979   -0.828066   0.313464
22.9229   -0.863562   0.267787
22.9479   -0.902538   0.223346
22.973   -0.943225   0.175365
22.998   -0.987095   0.133957
23.023   -1.02967   0.0960869
23.048   -1.07972   0.0507867
23.073   -1.12799   0.00578705
23.0981   -1.1808   -0.0375152
23.1231   -1.23015   -0.0737829
23.1481   -1.27642   -0.105157
23.1731   -1.32297   -0.138447
23.1982   -1.3691   -0.165758
23.2232   -1.40595   -0.187761
23.2482   1.6998   1.33953
23.2733   1.66965   1.31137
23.2983   1.64499   1.28994
23.3233   1.62801   1.27625
23.3483   1.61828   1.27025
23.3733   1.61759   1.27187
23.3984   1.61938   1.27944
23.4234   1.63069   1.29485
23.4484   1.6512   1.31884
23.4734   1.67664   1.34704
23.4985   1.71148   1.38518
23.5235   -1.3922   -0.170959
23.5485   -1.34707   -0.144204
23.5736   -1.29714   -0.110435
23.5986   -1.24121   -0.0712105
23.6236   -1.18287   -0.0264433
23.6486   -1.12215   0.0230662
23.6736   -1.06385   0.0716739
23.6987   -1.0051   0.123247
23.7237   -0.945809   0.182966
23.7487   -0.891974   0.240339
23.7737   -0.841232   0.300467
23.7988   -0.793606   0.359202
23.8238   -0.75246   0.412878
23.8488   -0.717905   0.462449
23.8739   -0.687948   0.50476
23.8989   -0.665439   0.541162
23.9239   -0.648311   0.571934
23.9489   -0.635278   0.589714
23.9739   -0.63268   0.601279
23.999   -0.631621   0.601993
24.024   -0.63882   0.590967
24.049   -0.649154   0.573524
24.074   -0.667216   0.545186
24.0991   -0.693482   0.507094
24.1241   -0.721336   0.465836
24.1491   -0.758299   0.416606
24.1742   -0.797916   0.364643
24.1992   -0.843   0.30473
24.2242   -0.893901   0.245028
24.2492   -0.94599   0.189694
24.2743   -0.998565   0.132076
24.2993   -1.0585   0.0771838
24.3243   -1.11495   0.0307154
24.3493   -1.17418   -0.0121065
24.3743   -1.22921   -0.0517534
24.3994   -1.27898   -0.0951709
24.4244   -1.32607   -0.128354
24.4494   -1.37133   -0.156071
24.4745   1.73305   1.40896
24.4995   1.7011   1.37219
24.5245   1.67635   1.34269
24.5495   1.65397   1.31782
24.5746   1.642   1.3011
24.5996   1.63443   1.29005
24.6246   1.63197   1.28525
24.6496   1.64087   1.29012
24.6746   1.65328   1.29946
24.6997   1.67144   1.31604
24.7247   1.69456   1.33807
24.7497   1.72479   1.36727
24.7748   -1.38214   -0.165118
24.7998   -1.3472   -0.144033
24.8248   -1.30885   -0.119423
24.8498   -1.2656   -0.0910366
24.8749   -1.22061   -0.0573914
24.8999   -1.17498   -0.0225514
24.9249   -1.12964   0.0175958
24.9499   -1.08393   0.0633957
24.9749   -1.04023   0.10172
25   -0.997431   -1.12139
25.025   -0.956488   0.180081
25.05   -0.91513   0.22612
25.0751   -0.880403   0.26924
25.1001   -0.843273   0.311542
25.1251   -0.814313   0.34959
25.1501   -0.786052   0.388927
25.1752   -0.760827   0.423597
25.2002   -0.73983   0.457391
25.2252   -0.724807   0.484792
25.2502   -0.712707   0.502265
25.2752   -0.702831   0.517412
25.3003   -0.700832   0.522503
25.3253   -0.701492   0.519128
25.3503   -0.704279   0.512061
25.3754   -0.712715   0.494622
25.4004   -0.726284   0.471452
25.4254   -0.74167   0.446165
25.4504   -0.765835   0.409507
25.4755   -0.792095   0.370337
25.5005   -0.823162   0.328562
25.5255   -0.852444   0.289575
25.5505   -0.892374   0.239223
25.5755   -0.933386   0.193611
25.6006   -0.977964   0.149703
25.6256   -1.02314   0.109022
25.6506   -1.07471   0.0608732
25.6757   -1.12542   0.0148847
25.7007   -1.17694   -0.0317847
25.7257   -1.22948   -0.072427
25.7507   -1.27807   -0.105633
25.7758   -1.32513   -0.136494
25.8008   -1.37091   -0.163151
25.8258   1.73043   1.38081
25.8508   1.69589   1.34617
25.8758   1.66526   1.31874
25.9009   1.6414   1.29733
25.9259   1.62095   1.28094
25.9509   1.61534   1.27621
25.976   1.61355   1.27701
26.001   1.61815   1.284
26.026   1.63048   1.29897
26.051   1.64999   1.32157
26.0761   1.67711   1.3504
26.1011   1.71222   1.3878
26.1261   -1.38543   -0.167738
26.1511   -1.34114   -0.140486
26.1761   -1.28958   -0.105969
26.2012   -1.23304   -0.0661033
26.2262   -1.1765   -0.0202264
26.2512   -1.11646   0.0286147
26.2763   -1.06053   0.0750197
26.3013   -0.999667   0.128262
26.3263   -0.945515   0.181695
26.3513   -0.891486   0.239129
26.3764   -0.841865   0.295481
26.4014   -0.797748   0.347348
26.4264   -0.757821   0.402079
26.4514   -0.727201   0.446003
26.4764   -0.700886   0.486207
26.5015   -0.676092   0.520782
26.5265   -0.660939   0.548593
26.5515   -0.649055   0.566028
26.5766   -0.645018   0.575732
26.6016   -0.642575   0.578635
26.6266   -0.648935   0.571812
26.6516   -0.661523   0.552273
26.6767   -0.675899   0.528285
26.7017   -0.702405   0.493351
26.7267   -0.730852   0.45471
26.7517   -0.76411   0.408313
26.7767   -0.803182   0.357936
26.8018   -0.841866   0.308348
26.8268   -0.885633   0.252801
26.8518   -0.933809   0.201906
26.8769   -0.984944   0.145328
26.9019   -1.03878   0.095555
26.9269   -1.08861   0.0539602
26.9519   -1.14027   0.0141873
26.977   -1.19142   -0.0218461
27.002   -1.2417   -0.064253
27.027   -1.28379   -0.101758
27.052   -1.32437   -0.129787
27.077   -1.35994   -0.153932
27.1021   -1.39197   -0.173446
27.1271   1.72465   1.381
27.1521   1.70158   1.35509
27.1772   1.68773   1.33733
27.2022   1.67847   1.32467
27.2272   1.67678   1.3198
27.2522   1.67733   1.31869
27.2773   1.68773   1.32653
27.3023   1.70038   1.33831
27.3273   1.7209   1.35754
27.3523   -1.39604   -0.177386
27.3773   -1.37058   -0.159994
27.4024   -1.33789   -0.14102
27.4274   -1.30277   -0.116331
27.4524   -1.26698   -0.0927932
27.4775   -1.22942   -0.0637823
27.5025   -1.18582   -0.0301016
27.5275   -1.14294   0.00602605
27.5525   -1.09887   0.0492749
27.5775   -1.05494   0.0879975
27.6026   -1.0115   0.12205
27.6276   -0.970163   0.164733
27.6526   -0.926804   0.210245
27.6776   -0.893475   0.247822
27.7027   -0.855784   0.295808
27.7277   -0.823656   0.336501
27.7527   -0.795884   0.375704
27.7778   -0.769051   0.411345
27.8028   -0.747538   0.445113
27.8278   -0.730359   0.470039
27.8528   -0.715785   0.494273
27.8778   -0.705751   0.512693
27.9029   -0.698298   0.521086
27.9279   -0.69648   0.523196
27.9529   -0.69674   0.517228
27.9779   -0.703923   0.50311
28.003   -0.71585   0.483221
28.028   -0.730603   0.455303
28.053   -0.752708   0.422478
28.078   -0.77718   0.385953
28.1031   -0.806983   0.344861
28.1281   -0.841204   0.302074
28.1531   -0.878195   0.254121
28.1782   -0.917375   0.209527
28.2032   -0.964574   0.160016
28.2282   -1.00785   0.118812
28.2532   -1.0612   0.073609
28.2782   -1.1095   0.0303816
28.3033   -1.16312   -0.0168376
28.3283   -1.21481   -0.0577258
28.3533   -1.26656   -0.0927992
28.3783   -1.31393   -0.124552
28.4034   -1.35934   -0.151509
28.4284   -1.39961   -0.175538
28.4534   1.70855   1.36334
28.4785   1.67828   1.33428
28.5035   1.65446   1.31314
28.5285   1.63821   1.29933
28.5535   1.62982   1.29216
28.5785   1.6294   1.29233
28.6036   1.63487   1.30056
28.6286   1.65007   1.31626
28.6536   1.67216   1.33845
28.6786   1.69978   1.36728
28.7037   1.73472   1.40325
28.7287   -1.36927   -0.152636
28.7537   -1.32275   -0.127217
28.7788   -1.27345   -0.0910678
28.8038   -1.21918   -0.0514768
28.8288   -1.16365   -0.00588166
28.8538   -1.10618   0.0407222
28.8788   -1.0522   0.0881926
28.9039   -0.996363   0.133108
28.9289   -0.943794   0.18375
28.9539   -0.894038   0.235824
28.9789   -0.84815   0.28987
29.004   -0.806379   0.339213
29.029   -0.774703   0.379602
29.054   -0.740374   0.427326
29.0791   -0.712924   0.4675
29.1041   -0.694578   0.49788
29.1291   -0.676968   0.523829
29.1541   -0.668404   0.541786
29.1791   -0.666304   0.550011
29.2042   -0.667076   0.548291
29.2292   -0.673283   0.540251
29.2542   -0.683526   0.524852
29.2792   -0.699257   0.502876
29.3043   -0.719883   0.472027
29.3293   -0.746355   0.435731
29.3543   -0.777057   0.393556
29.3794   -0.810004   0.346657
29.4044   -0.84941   0.296694
29.4294   -0.89109   0.247746
29.4544   -0.933879   0.201889
29.4794   -0.976873   0.153001
29.5045   -1.0263   0.103574
29.5295   -1.073   0.0626949
29.5545   -1.11939   0.0279864
29.5795   -1.16298   -0.00444243
29.6046   -1.20801   -0.0422292
29.6296   -1.24989   -0.078314
29.6546   -1.28815   -0.106002
29.6797   -1.32321   -0.130434
29.7047   -1.352   -0.148049
29.7297   -1.37622   -0.16445
29.7547   -1.40183   -0.180213
29.7797   1.72295   1.3668
29.8048   1.71172   1.35295
29.8298   1.70631   1.34427
29.8548   1.70545   1.34232
29.8798   1.7079   1.34451
29.9049   1.71936   1.35471
29.9299   1.73468   1.37074
29.9549   -1.38878   -0.173881
29.98   -1.36947   -0.160518
30.005   -1.33984   -0.142526
30.03   -1.30931   -0.120792
30.055   -1.27569   -0.0988777
30.08   -1.24076   -0.0713449
30.1051   -1.1987   -0.0388798
30.1301   -1.15913   -0.0078862
30.1551   -1.11585   0.0367991
30.1802   -1.07116   0.0688586
30.2052   -1.02867   0.104751
30.2302   -0.984042   0.145368
30.2552   -0.94233   0.188857
30.2802   -0.905669   0.233842
30.3053   -0.867746   0.277291
30.3303   -0.830878   0.321334
30.3553   -0.800153   0.360587
30.3803   -0.771272   0.397782
30.4054   -0.743435   0.438776
30.4304   -0.725454   0.46601
30.4554   -0.705848   0.491921
30.4805   -0.693806   0.50884
30.5055   -0.688481   0.518307
30.5305   -0.686473   0.520205
30.5555   -0.687636   0.514466
30.5805   -0.690033   0.507355
30.6056   -0.703213   0.48541
30.6306   -0.713689   0.461649
30.6556   -0.738773   0.428784
30.6806   -0.761843   0.394955
30.7057   -0.789981   0.35543
30.7307   -0.82464   0.308197
30.7557   -0.865916   0.262529
30.7808   -0.908811   0.213515
30.8058   -0.950115   0.170599
30.8308   -1.0007   0.122837
30.8558   -1.05289   0.0789696
30.8808   -1.10194   0.037478
30.9059   -1.15902   -0.0130245
30.9309   -1.21035   -0.0533823
30.9559   -1.26222   -0.0913108
30.9809   -1.31025   -0.123693
31.006   -1.35537   -0.151227
31.031   -1.39433   -0.174551
31.056   1.71199   1.37401
31.0811   1.68535   1.34772
31.1061   1.66437   1.32673
31.1311   1.6478   1.31212
31.1561   1.64138   1.30533
31.1811   1.64107   1.3048
31.2062   1.64987   1.31465
31.2312   1.66411   1.32963
31.2562   1.68788   1.35223
31.2812   1.71499   1.37984
31.3063   -1.39345   -0.170793
31.3313   -1.35625   -0.14533
31.3563   -1.31019   -0.116859
31.3814   -1.26226   -0.0833935
31.4064   -1.20917   -0.0451672
31.4314   -1.15778   -0.00184858
31.4564   -1.10185   0.0433035
31.4814   -1.04916   0.0890952
31.5065   -0.994903   0.13615
31.5315   -0.947779   0.179163
31.5565   -0.898121   0.230154
31.5816   -0.856087   0.277326
31.6066   -0.818043   0.323147
31.6316   -0.785547   0.36673
31.6566   -0.757918   0.404882
31.6817   -0.732435   0.43897
31.7067   -0.712241   0.470319
31.7317   -0.697895   0.495473
31.7567   -0.689519   0.509364
31.7817   -0.687375   0.518345
31.8068   -0.687421   0.521149
31.8318   -0.689398   0.518419
31.8568   -0.701022   0.502037
31.8819   -0.713843   0.480368
31.9069   -0.733335   0.456202
31.9319   -0.758123   0.418692
31.9569   -0.785592   0.383273
31.982   -0.816403   0.34392
32.007   -0.85386   0.297982
32.032   -0.888438   0.251678
32.057   -0.928887   0.209558
32.0821   -0.970409   0.161995
32.1071   -1.01258   0.122022
32.1321   -1.05617   0.0817929
32.1571   -1.10105   0.0467179
32.1822   -1.14178   0.013745
32.2072   -1.18938   -0.0250577
32.2322   -1.22759   -0.0605209
32.2572   -1.26416   -0.0914426
32.2822   -1.29932   -0.117178
32.3073   -1.33181   -0.137331
32.3323   -1.3571   -0.157139
32.3573   -1.38251   -0.168943
32.3824   -1.40303   -0.180843
32.4074   1.72482   1.36917
32.4324   1.7156   1.35853
32.4574   1.71095   1.35316
32.4825   1.71109   1.35317
32.5075   1.71441   1.35822
32.5325   1.72622   1.37079
32.5575   -1.40372   -0.182423
32.5825   -1.38222   -0.167798
32.6076   -1.35742   -0.152435
32.6326   -1.3319   -0.133753
32.6576   -1.29792   -0.111386
32.6827   -1.26257   -0.0857857
32.7077   -1.22625   -0.0604779
32.7327   -1.18754   -0.0257864
32.7577   -1.14437   0.011593
32.7828   -1.1013   0.0467452
32.8078   -1.05474   0.0817292
32.8328   -1.01185   0.12066
32.8578   -0.968202   0.162993
32.8828   -0.927398   0.21096
32.9079   -0.886863   0.25421
32.9329   -0.853113   0.296537
32.9579   -0.815493   0.341111
32.983   -0.78682   0.380923
33.008   -0.757664   0.416183
33.033   -0.737933   0.447852
33.058   -0.718628   0.471899
33.0831   -0.705328   0.492128
33.1081   -0.696781   0.503797
33.1331   -0.694685   0.506015
33.1581   -0.694949   0.502517
33.1831   -0.698445   0.492165
33.2082   -0.710489   0.474576
33.2332   -0.721841   0.451853
33.2582   -0.746743   0.418728
33.2833   -0.769816   0.382949
33.3083   -0.798316   0.346887
33.3333   -0.832646   0.30124
33.3583   -0.874859   0.254446
33.3834   -0.916803   0.205328
33.4084   -0.960931   0.161502
33.4334   -1.0098   0.116699
33.4584   -1.06321   0.0742475
33.4834   -1.11297   0.0314807
33.5085   -1.16886   -0.0176123
33.5335   -1.21739   -0.0581103
33.5585   -1.26542   -0.0933544
33.5836   -1.31147   -0.124964
33.6086   -1.35666   -0.152749
33.6336   -1.39387   -0.176902
33.6586   1.71412   1.38256
33.6837   1.68927   1.3577
33.7087   1.66672   1.33538
33.7337   1.65426   1.32251
33.7587   1.64767   1.31605
33.7837   1.65041   1.31693
33.8088   1.66153   1.32641
33.8338   1.67624   1.33997
33.8588   1.69891   1.36121
33.8839   1.72534   1.38833
33.9089   -1.38226   -0.166446
33.9339   -1.34625   -0.145347
33.9589   -1.30092   -0.119089
33.984   -1.25357   -0.0864098
34.009   -1.20552   -0.0514724
34.034   -1.15814   -0.0118709
34.059   -1.10567   0.0294835
34.084   -1.05732   0.072726
34.1091   -1.00519   0.118161
34.1341   -0.962128   0.159008
34.1591   -0.918149   0.201915
34.1842   -0.877347   0.249508
34.2092   -0.839069   0.291143
34.2342   -0.809577   0.333165
34.2592   -0.77934   0.370949
34.2843   -0.756135   0.400834
34.3093   -0.736281   0.431286
34.3343   -0.723925   0.453644
34.3593   -0.714389   0.467945
34.3843   -0.709444   0.479642
34.4094   -0.709111   0.483147
34.4344   -0.710784   0.48116
34.4594   -0.719106   0.469325
34.4845   -0.731739   0.44927
34.5095   -0.751471   0.427557
34.5345   -0.769912   0.396338
34.5595   -0.795621   0.365166
34.5846   -0.819997   0.33312
34.6096   -0.850577   0.290912
34.6346   -0.886008   0.249768
34.6596   -0.920936   0.210919
34.6846   -0.961074   0.166507
34.7097   -1.00339   0.126212
34.7347   -1.04017   0.0870889
34.7597   -1.08231   0.0536526
34.7848   -1.12348   0.0211472
34.8098   -1.16225   -0.0128901
34.8348   -1.20038   -0.0464113
34.8598   -1.23903   -0.0775592
34.8849   -1.27411   -0.104364
34.9099   -1.30481   -0.123738
34.9349   -1.33355   -0.144568
34.9599   -1.35871   -0.158363
34.9849   -1.37984   -0.172467
35.01   -1.39644   -0.182381
35.035   1.73297   1.37201
35.06   1.72456   1.36365
35.0851   1.72389   1.36279
35.1101   1.7242   1.36615
35.1351   1.73232   1.37525
35.1601   -1.39473   -0.178707
35.1852   -1.37978   -0.171654
35.2102   -1.35792   -0.157631
35.2352   -1.33423   -0.142633
35.2602   -1.30052   -0.119683
35.2852   -1.2663   -0.0941324
35.3103   -1.23013   -0.0706315
35.3353   -1.19259   -0.0426521
35.3603   -1.14916   -0.00597211
35.3854   -1.1069   0.0245154
35.4104   -1.05992   0.066057
35.4354   -1.01652   0.107456
35.4604   -0.973083   0.151016
35.4855   -0.932602   0.193259
35.5105   -0.892179   0.23693
35.5355   -0.856878   0.279826
35.5605   -0.820811   0.321263
35.5855   -0.791903   0.360376
35.6106   -0.763593   0.394861
35.6356   -0.74536   0.42346
35.6606   -0.724454   0.449868
35.6857   -0.711071   0.469255
35.7107   -0.703537   0.48082
35.7357   -0.70113   0.484826
35.7607   -0.701653   0.481435
35.7858   -0.705464   0.47112
35.8108   -0.717085   0.453393
35.8358   -0.729787   0.430201
35.8608   -0.752988   0.401255
35.8858   -0.776953   0.36601
35.9109   -0.805496   0.327953
35.9359   -0.840402   0.284752
35.9609   -0.88042   0.239388
35.986   -0.920264   0.196502
36.011   -0.963816   0.150349
36.036   -1.01279   0.103702
36.061   -1.06045   0.0604772
36.0861   -1.11307   0.0200187
36.1111   -1.16099   -0.0188776
36.1361   -1.21113   -0.0580687
36.1611   -1.25423   -0.0887627
36.1861   -1.29828   -0.119242
36.2112   -1.33689   -0.143476
36.2362   -1.37184   -0.166967
36.2612   -1.40206   -0.18268
36.2863   1.71448   1.37742
36.3113   1.69714   1.35912
36.3363   1.68586   1.34722
36.3613   1.68236   1.34203
36.3864   1.67973   1.34067
36.4114   1.68943   1.34889
36.4364   1.7037   1.36293
36.4614   1.72396   1.38263
36.4864   -1.39112   -0.178703
36.5115   -1.3596   -0.160015
36.5365   -1.3235   -0.136706
36.5615   -1.28449   -0.111486
36.5866   -1.24112   -0.080284
36.6116   -1.19457   -0.0497784
36.6366   -1.14852   -0.0146872
36.6616   -1.10159   0.0256475
36.6867   -1.05781   0.0601647
36.7117   -1.01186   0.101973
36.7367   -0.970852   0.141431
36.7617   -0.928874   0.187224
36.7867   -0.88774   0.232477
36.8118   -0.857311   0.267373
36.8368   -0.827159   0.307003
36.8618   -0.797366   0.343585
36.8869   -0.777859   0.371602
36.9119   -0.758968   0.399408
36.9369   -0.742424   0.423617
36.9619   -0.733266   0.43926
36.987   -0.728687   0.449
37.012   -0.725405   0.453435
37.037   -0.725937   0.452676
37.062   -0.733149   0.442535
37.087   -0.741399   0.430044
37.1121   -0.75907   0.406683
37.1371   -0.773285   0.386754
37.1621   -0.798344   0.355187
37.1872   -0.819636   0.327915
37.2122   -0.849506   0.287432
37.2372   -0.877331   0.253786
37.2622   -0.911217   0.216466
37.2873   -0.943414   0.179208
37.3123   -0.982727   0.139131
37.3373   -1.02062   0.102671
37.3623   -1.06133   0.0696493
37.3873   -1.09644   0.0383664
37.4124   -1.13851   0.00335663
37.4374   -1.17592   -0.0290697
37.4624   -1.21471   -0.060396
37.4875   -1.24948   -0.0860128
37.5125   -1.28506   -0.109614
37.5375   -1.31335   -0.129972
37.5625   -1.34013   -0.146103
37.5876   -1.35972   -0.160283
37.6126   -1.38144   -0.172073
37.6376   -1.39553   -0.178642
37.6626   -1.40534   -0.185573
37.6876   1.73448   1.37421
37.7127   1.7345   1.37566
37.7377   -1.4048   -0.187824
37.7627   -1.39348   -0.178526
37.7878   -1.37788   -0.170662
37.8128   -1.35823   -0.159246
37.8378   -1.33411   -0.142255
37.8628   -1.3032   -0.12191
37.8879   -1.2673   -0.102946
37.9129   -1.23111   -0.0746282
37.9379   -1.19475   -0.0483271
37.9629   -1.14913   -0.0141525
37.9879   -1.10625   0.0188868
38.013   -1.05974   0.0603119
38.038   -1.01719   0.103329
38.063   -0.973376   0.14616
38.0881   -0.932315   0.187783
38.1131   -0.892306   0.230541
38.1381   -0.856632   0.272221
38.1631   -0.822538   0.313935
38.1882   -0.793226   0.350756
38.2132   -0.76525   0.383736
38.2382   -0.746623   0.413644
38.2632   -0.726403   0.437075
38.2882   -0.712761   0.456239
38.3133   -0.707309   0.466259
38.3383   -0.703702   0.469372
38.3633   -0.704384   0.467391
38.3884   -0.710469   0.455901
38.4134   -0.719265   0.443741
38.4384   -0.735872   0.416203
38.4634   -0.757297   0.38907
38.4885   -0.783428   0.35214
38.5135   -0.813427   0.316435
38.5385   -0.843322   0.275558
38.5635   -0.882787   0.233634
38.5885   -0.923467   0.187032
38.6136   -0.96563   0.14422
38.6386   -1.00857   0.0994953
38.6636   -1.05943   0.0538997
38.6887   -1.10507   0.0163197
38.7137   -1.15286   -0.0234717
38.7387   -1.19773   -0.0569477
38.7637   -1.24083   -0.0856039
38.7888   -1.27793   -0.108724
38.8138   -1.31436   -0.134563
38.8388   -1.34816   -0.157277
38.8638   -1.3726   -0.169449
38.8888   -1.39444   -0.181256
38.9139   1.73073   1.38351
38.9389   1.72406   1.37322
38.9639   1.71951   1.36752
38.989   1.72183   1.36841
39.014   1.73088   1.37601
39.039   -1.39484   -0.185546
39.064   -1.37715   -0.172031
39.0891   -1.35621   -0.163443
39.1141   -1.32407   -0.142488
39.1391   -1.28936   -0.120468
39.1641   -1.25366   -0.0945712
39.1891   -1.21769   -0.0739124
39.2142   -1.17294   -0.0396848
39.2392   -1.13262   -0.00728872
39.2642   -1.09103   0.0255029
39.2892   -1.04809   0.0601572
39.3143   -1.00522   0.0984115
39.3393   -0.966915   0.13815
39.3643   -0.928031   0.181661
39.3894   -0.897768   0.215047
39.4144   -0.860269   0.256326
39.4394   -0.830091   0.291031
39.4644   -0.806587   0.323295
39.4894   -0.782843   0.35544
39.5145   -0.763431   0.380114
39.5395   -0.751614   0.401517
39.5645   -0.736548   0.417288
39.5896   -0.732359   0.429404
39.6146   -0.726703   0.437835
39.6396   -0.725905   0.439096
39.6646   -0.731645   0.431788
39.6897   -0.739916   0.419279
39.7147   -0.751548   0.403863
39.7397   -0.767124   0.381979
39.7647   -0.789567   0.35465
39.7897   -0.809483   0.325206
39.8148   -0.837916   0.292086
39.8398   -0.86451   0.255861
39.8648   -0.896282   0.221094
39.8898   -0.927539   0.18427
39.9149   -0.963815   0.147092
39.9399   -0.997302   0.113934
39.9649   -1.03714   0.0762935
39.99   -1.07176   0.0461781
40.015   -1.11398   0.0115057
40.04   -1.14911   -0.0161018
40.065   -1.18668   -0.0479106
40.09   -1.22049   -0.075745
40.1151   -1.253   -0.0946214
40.1401   -1.28734   -0.117074
40.1651   -1.31257   -0.135714
40.1902   -1.33534   -0.146846
40.2152   -1.35777   -0.162171
40.2402   -1.37325   -0.169218
40.2652   -1.38237   -0.174949
40.2903   -1.38836   -0.178953
40.3153   -1.39209   -0.181615
40.3403   -1.39037   -0.18108
40.3653   -1.38011   -0.173413
40.3903   -1.36146   -0.161208
40.4154   -1.34465   -0.151417
40.4404   -1.32062   -0.136941
40.4654   -1.28898   -0.114206
40.4905   -1.25551   -0.0895178
40.5155   -1.21912   -0.0664463
40.5405   -1.18322   -0.037951
40.5655   -1.13792   -0.000695066
40.5906   -1.09619   0.0325703
40.6156   -1.0495   0.0711994
40.6406   -1.00733   0.111194
40.6656   -0.963762   0.154205
40.6906   -0.923314   0.194316
40.7157   -0.884231   0.237228
40.7407   -0.851956   0.276861
40.7657   -0.819887   0.315929
40.7908   -0.788103   0.353854
40.8158   -0.767073   0.384622
40.8408   -0.743033   0.416967
40.8658   -0.730323   0.434295
40.8909   -0.713251   0.455129
40.9159   -0.709491   0.463928
40.9409   -0.705449   0.468801
40.9659   -0.709045   0.464403
40.9909   -0.713653   0.455202
41.016   -0.727118   0.439255
41.041   -0.741103   0.416763
41.066   -0.76638   0.387024
41.0911   -0.786335   0.356381
41.1161   -0.816568   0.321394
41.1411   -0.845633   0.280978
41.1661   -0.882264   0.243144
41.1912   -0.921979   0.1973
41.2162   -0.963633   0.155218
41.2412   -1.00664   0.113733
41.2662   -1.05143   0.0753055
41.2912   -1.09484   0.0408563
41.3163   -1.13841   0.00640695
41.3413   -1.18449   -0.0304999
41.3663   -1.22159   -0.0616121
41.3914   -1.25551   -0.0864916
41.4164   -1.28972   -0.111226
41.4414   -1.32203   -0.129126
41.4664   -1.34624   -0.146236
41.4915   -1.36612   -0.158216
41.5165   -1.38198   -0.167181
41.5415   -1.39016   -0.173389
41.5665   -1.39474   -0.177616
41.5915   -1.39428   -0.17759
41.6166   -1.38471   -0.173168
41.6416   -1.37094   -0.167405
41.6666   -1.3559   -0.156141
41.6917   -1.33459   -0.145168
41.7167   -1.30902   -0.127345
41.7417   -1.27689   -0.108113
41.7667   -1.24462   -0.0840621
41.7918   -1.20873   -0.0600619
41.8168   -1.17091   -0.0297262
41.8418   -1.13481   -0.000683341
41.8668   -1.094   0.0357886
41.8918   -1.0562   0.0662177
41.9169   -1.0166   0.104937
41.9419   -0.98338   0.136715
41.9669   -0.944467   0.172872
41.992   -0.912664   0.20658
42.017   -0.881685   0.243773
42.042   -0.854219   0.276673
42.067   -0.826786   0.310311
42.0921   -0.806098   0.338517
42.1171   -0.785412   0.364109
42.1421   -0.769923   0.387871
42.1671   -0.758757   0.403752
42.1921   -0.750105   0.416967
42.2172   -0.743599   0.424123
42.2422   -0.741595   0.427545
42.2672   -0.741827   0.425032
42.2923   -0.747936   0.415504
42.3173   -0.75942   0.404008
42.3423   -0.774084   0.381538
42.3673   -0.78699   0.363363
42.3924   -0.807452   0.333502
42.4174   -0.832597   0.305329
42.4424   -0.859883   0.268793
42.4674   -0.885993   0.239294
42.4924   -0.917044   0.202244
42.5175   -0.951438   0.166765
42.5425   -0.986957   0.131462
42.5675   -1.02195   0.101377
42.5926   -1.06095   0.0663494
42.6176   -1.09645   0.0351911
42.6426   -1.13416   0.00364914
42.6676   -1.17337   -0.0307313
42.6927   -1.20781   -0.0551197
42.7177   -1.24173   -0.0797466
42.7427   -1.27434   -0.102176
42.7677   -1.3003   -0.121067
42.7927   -1.32376   -0.133103
42.8178   -1.34611   -0.149502
42.8428   -1.36267   -0.157251
42.8678   -1.37084   -0.161504
42.8929   -1.37588   -0.163221
42.9179   -1.37817   -0.163788
42.9429   -1.37489   -0.162714
42.9679   -1.36175   -0.155297
42.993   -1.34636   -0.145647
43.018   -1.32553   -0.132242
43.043   -1.30097   -0.117821
43.068   -1.27379   -0.0971997
43.093   -1.2401   -0.0767966
43.1181   -1.20571   -0.0496731
43.1431   -1.16568   -0.0178819
43.1681   -1.12402   0.0173722
43.1932   -1.08331   0.0514332
43.2182   -1.03852   0.0881942
43.2432   -0.996393   0.126434
43.2682   -0.954861   0.162921
43.2933   -0.918689   0.201817
43.3183   -0.881597   0.243714
43.3433   -0.85122   0.280336
43.3683   -0.817087   0.31963
43.3933   -0.788003   0.355401
43.4184   -0.767757   0.383582
43.4434   -0.751588   0.408985
43.4684   -0.732762   0.432043
43.4935   -0.723387   0.447015
43.5185   -0.716672   0.456185
43.5435   -0.716179   0.458391
43.5685   -0.71723   0.456717
43.5936   -0.724769   0.445563
43.6186   -0.733644   0.430795
43.6436   -0.751258   0.407018
43.6686   -0.770214   0.382457
43.6936   -0.796547   0.351194
43.7187   -0.823509   0.317285
43.7437   -0.854193   0.279875
43.7687   -0.888469   0.241864
43.7938   -0.923512   0.201756
43.8188   -0.966186   0.160075
43.8438   -1.00524   0.122947
43.8688   -1.04764   0.0852147
43.8939   -1.08511   0.0563815
43.9189   -1.12896   0.0200464
43.9439   -1.16637   -0.0137624
43.9689   -1.20465   -0.0471581
43.9939   -1.23998   -0.0761287
44.019   -1.2735   -0.0990929
44.044   -1.30098   -0.117037
44.069   -1.32461   -0.134562
44.0941   -1.34482   -0.145164
44.1191   -1.3584   -0.156299
44.1441   -1.36688   -0.160933
44.1691   -1.37156   -0.163188
44.1942   -1.37135   -0.16225
44.2192   -1.36454   -0.159114
44.2442   -1.35007   -0.152685
44.2692   -1.3363   -0.141466
44.2942   -1.32022   -0.133595
44.3193   -1.29443   -0.113685
44.3443   -1.26704   -0.0989746
44.3693   -1.23738   -0.0761539
44.3944   -1.20578   -0.0530701
44.4194   -1.17408   -0.0249484
44.4444   -1.13855   0.00314059
44.4694   -1.10325   0.0378024
44.4945   -1.06807   0.0692042
44.5195   -1.03087   0.0980762
44.5445   -0.998416   0.128523
44.5695   -0.960527   0.162861
44.5945   -0.930607   0.194366
44.6196   -0.897448   0.232338
44.6446   -0.870316   0.262968
44.6696   -0.842831   0.297071
44.6947   -0.821929   0.323274
44.7197   -0.800514   0.352982
44.7447   -0.784379   0.374266
44.7697   -0.773051   0.391309
44.7948   -0.765107   0.405263
44.8198   -0.756775   0.414287
44.8448   -0.753819   0.418055
44.8698   -0.753705   0.417271
44.8948   -0.756187   0.410463
44.9199   -0.764653   0.398464
44.9449   -0.778298   0.377395
44.9699   -0.791804   0.360474
44.995   -0.809061   0.333546
45.02   -0.834234   0.304782
45.045   -0.857199   0.272178
45.07   -0.886918   0.240511
45.0951   -0.915223   0.205085
45.1201   -0.948887   0.169854
45.1451   -0.979439   0.139074
45.1701   -1.02012   0.106306
45.1951   -1.05352   0.076617
45.2202   -1.09534   0.0405994
45.2452   -1.12986   0.00706318
45.2702   -1.16667   -0.0262384
45.2953   -1.19913   -0.049445
45.3203   -1.23406   -0.0753311
45.3453   -1.26642   -0.0997324
45.3703   -1.29099   -0.114118
45.3954   -1.31396   -0.128736
45.4204   -1.33584   -0.141117
45.4454   -1.3539   -0.153428
45.4704   -1.36116   -0.157772
45.4954   -1.36897   -0.161398
45.5205   -1.37025   -0.162354
45.5455   -1.36748   -0.161855
45.5705   -1.35759   -0.15318
45.5956   -1.34051   -0.143608
45.6206   -1.32137   -0.128683
45.6456   -1.29937   -0.117728
45.6706   -1.26704   -0.0936146
45.6957   -1.23428   -0.0711068
45.7207   -1.19955   -0.0406823
45.7457   -1.16195   -0.0111856
45.7707   -1.12159   0.0254021
45.7957   -1.08375   0.0545099
45.8208   -1.04181   0.089373
45.8458   -1.00138   0.124724
45.8708   -0.959865   0.164063
45.8959   -0.927629   0.197832
45.9209   -0.888736   0.239371
45.9459   -0.857602   0.277826
45.9709   -0.828797   0.309401
45.996   -0.80115   0.345812
46.021   -0.78197   0.369953
46.046   -0.765342   0.396128
46.071   -0.748651   0.416145
46.096   -0.738714   0.429276
46.1211   -0.736204   0.435041
46.1461   -0.736393   0.437042
46.1711   -0.738024   0.433685
46.1962   -0.745561   0.422623
46.2212   -0.755315   0.406572
46.2462   -0.77163   0.38823
46.2712   -0.790954   0.360697
46.2963   -0.810292   0.334238
46.3213   -0.838876   0.300633
46.3463   -0.868173   0.267111
46.3713   -0.899255   0.231169
46.3963   -0.935004   0.190437
46.4214   -0.969682   0.156047
46.4464   -1.00907   0.120132
46.4714   -1.04629   0.0863813
46.4965   -1.08373   0.0544438
46.5215   -1.12099   0.0281514
46.5465   -1.15425   0.00108267
46.5715   -1.1939   -0.0357752
46.5966   -1.22511   -0.0611646
46.6216   -1.25384   -0.085803
46.6466   -1.27795   -0.100124
46.6716   -1.30135   -0.117098
46.6966   -1.32061   -0.126478
46.7217   -1.33512   -0.138236
46.7467   -1.34663   -0.144568
46.7717   -1.34792   -0.145327
46.7968   -1.34819   -0.145302
46.8218   -1.34562   -0.143297
46.8468   -1.33642   -0.139032
46.8718   -1.32354   -0.131957
46.8969   -1.30427   -0.118621
46.9219   -1.28416   -0.105575
46.9469   -1.26449   -0.091543
46.9719   -1.23408   -0.0683609
46.9969   -1.20584   -0.0498872
47.022   -1.17425   -0.0220323
47.047   -1.14122   0.00493033
47.072   -1.10826   0.0378657
47.0971   -1.0753   0.0694021
47.1221   -1.0365   0.10033
47.1471   -1.00413   0.128991
47.1721   -0.968802   0.15997
47.1972   -0.93822   0.193229
47.2222   -0.906534   0.226999
47.2472   -0.880862   0.25713
47.2722   -0.852892   0.289429
47.2972   -0.832818   0.317049
47.3223   -0.809779   0.344581
47.3473   -0.792262   0.366834
47.3723   -0.780984   0.383896
47.3974   -0.77174   0.398486
47.4224   -0.765078   0.407838
47.4474   -0.764603   0.408656
47.4724   -0.764895   0.406936
47.4975   -0.766994   0.399168
47.5225   -0.774888   0.387433
47.5475   -0.784043   0.3753
47.5725   -0.799348   0.352573
47.5975   -0.816913   0.330496
47.6226   -0.839468   0.301134
47.6476   -0.86509   0.271605
47.6726   -0.889639   0.239221
47.6977   -0.919589   0.20539
47.7227   -0.951688   0.172573
47.7477   -0.984677   0.140231
47.7727   -1.02184   0.105719
47.7978   -1.05683   0.0749443
47.8228   -1.09354   0.0444404
47.8478   -1.13045   0.0117075
47.8728   -1.16735   -0.0223977
47.8978   -1.2011   -0.0474605
47.9229   -1.23339   -0.0738053
47.9479   -1.26433   -0.0934082
47.9729   -1.29046   -0.111758
47.998   -1.31308   -0.123784
48.023   -1.33471   -0.139545
48.048   -1.34901   -0.1463
48.073   -1.35873   -0.152591
48.0981   -1.36105   -0.152166
48.1231   -1.36077   -0.15152
48.1481   -1.35857   -0.150518
48.1731   -1.34685   -0.144539
48.1981   -1.3318   -0.13745
48.2232   -1.31226   -0.122822
48.2482   -1.28909   -0.107898
48.2732   -1.26024   -0.0885264
48.2982   -1.22587   -0.0628975
48.3233   -1.19164   -0.0344143
48.3483   -1.15471   -0.0059413
48.3733   -1.11575   0.0282314
48.3984   -1.07618   0.0624242
48.4234   -1.03558   0.0936961
48.4484   -1.00006   0.125167
48.4734   -0.959796   0.162236
48.4984   -0.928216   0.19742
48.5235   -0.893369   0.233295
48.5485   -0.867146   0.266563
48.5735   -0.837707   0.298586
48.5986   -0.811986   0.330716
48.6236   -0.791256   0.354753
48.6486   -0.776932   0.376986
48.6736   -0.762548   0.396142
48.6987   -0.753304   0.408395
48.7237   -0.74799   0.415787
48.7487   -0.746602   0.417686
48.7737   -0.751337   0.412905
48.7987   -0.755648   0.404545
48.8238   -0.768358   0.388323
48.8488   -0.780326   0.371664
48.8738   -0.799542   0.347294
48.8988   -0.820112   0.320362
48.9239   -0.846048   0.290198
48.9489   -0.873148   0.257841
48.9739   -0.904392   0.223697
48.999   -0.934049   0.188505
49.024   -0.96892   0.152309
49.049   -1.00019   0.12297
49.074   -1.04037   0.0888232
49.099   -1.07334   0.0606626
49.1241   -1.10774   0.0334565
49.1491   -1.14251   0.00606294
49.1741   -1.17496   -0.0234296
49.1992   -1.20507   -0.0498642
49.2242   -1.23215   -0.0727149
49.2492   -1.25476   -0.0866756
49.2742   -1.27697   -0.104911
49.2993   -1.29773   -0.115153
49.3243   -1.31074   -0.126278
49.3493   -1.32223   -0.1337
49.3743   -1.32463   -0.134733
49.3993   -1.32513   -0.134191
49.4244   -1.32321   -0.133554
49.4494   -1.31947   -0.132085
49.4744   -1.30513   -0.12415
49.4994   -1.28822   -0.110802
49.5245   -1.27161   -0.100912
49.5495   -1.25202   -0.085917
49.5745   -1.22666   -0.0668085
49.5996   -1.19707   -0.0459355
49.6246   -1.16911   -0.0204462
49.6496   -1.1378   0.00374643
49.6746   -1.105   0.0364161
49.6996   -1.07268   0.0635105
49.7247   -1.03834   0.0910829
49.7497   -1.00629   0.119319
49.7747   -0.974378   0.151006
49.7998   -0.94272   0.182209
49.8248   -0.913165   0.214237
49.8498   -0.883071   0.249819
49.8748   -0.860826   0.275179
49.8999   -0.834926   0.307974
49.9249   -0.815142   0.330266
49.9499   -0.798183   0.354421
49.9749   -0.783764   0.371452
49.9999   -0.773788   0.387766
50.025   -0.76789   0.394346
50.05   -0.766775   0.396761
50.075   -0.766765   0.396132
50.1001   -0.768231   0.390778
50.1251   -0.775823   0.38253
50.1501   -0.785019   0.368187
50.1751   -0.797834   0.349679
50.2002   -0.814841   0.328724
50.2252   -0.835444   0.300037
50.2502   -0.862677   0.270958
50.2752   -0.886921   0.240846
50.3002   -0.915318   0.206159
50.3253   -0.945873   0.175685
50.3503   -0.981154   0.141896
50.3753   -1.01759   0.108752
50.4004   -1.05093   0.0789474
50.4254   -1.09104   0.0488239
50.4504   -1.12597   0.0178489
50.4754   -1.16276   -0.015098
50.5005   -1.1968   -0.0445212
50.5255   -1.22932   -0.0703934
50.5505   -1.25681   -0.0879035
50.5755   -1.28083   -0.107022
50.6005   -1.30184   -0.117952
50.6256   -1.32236   -0.134656
50.6506   -1.33589   -0.141593
50.6756   -1.34545   -0.146463
50.7007   -1.34704   -0.146781
50.7257   -1.34694   -0.146603
50.7507   -1.34477   -0.14605
50.7757   -1.33217   -0.137362
50.8008   -1.31418   -0.12726
50.8258   -1.29694   -0.115608
50.8508   -1.27433   -0.0986688
50.8758   -1.24404   -0.0777657
50.9008   -1.2112   -0.0544402
50.9259   -1.18014   -0.0274126
50.9509   -1.14134   0.00173857
50.9759   -1.10611   0.0348756
51.001   -1.0716   0.064057
51.026   -1.02885   0.0981477
51.051   -0.996222   0.127199
51.076   -0.960959   0.161387
51.1011   -0.925652   0.194867
51.1261   -0.892851   0.230128
51.1511   -0.864577   0.26455
51.1761   -0.840403   0.290821
51.2011   -0.820402   0.318493
51.2262   -0.797077   0.344966
51.2512   -0.783941   0.363138
51.2762   -0.770077   0.379654
51.3013   -0.762353   0.396008
51.3263   -0.75962   0.397932
51.3513   -0.759883   0.398371
51.3763   -0.761982   0.39505
51.4014   -0.768369   0.386044
51.4264   -0.777362   0.374257
51.4514   -0.789535   0.356115
51.4764   -0.807547   0.334725
51.5014   -0.824969   0.312129
51.5265   -0.852138   0.280649
51.5515   -0.874372   0.253156
51.5765   -0.905736   0.219254
51.6016   -0.934245   0.186173
51.6266   -0.96709   0.152682
51.6516   -0.997266   0.123793
51.6766   -1.0302   0.0966705
51.7017   -1.06407   0.0685265
51.7267   -1.09632   0.0420682
51.7517   -1.12789   0.0146365
51.7767   -1.1615   -0.0143076
51.8017   -1.19222   -0.0413254
51.8268   -1.21817   -0.0637531
51.8518   -1.24118   -0.0794195
51.8768   -1.26381   -0.097437
51.9019   -1.28034   -0.106653
51.9269   -1.29245   -0.117468
51.9519   -1.30268   -0.124214
51.9769   -1.31047   -0.128342
52.002   -1.31108   -0.128644
52.027   -1.31079   -0.128447
52.052   -1.30663   -0.126536
52.077   -1.29673   -0.118527
52.102   -1.2824   -0.110762
52.1271   -1.26503   -0.0981915
52.1521   -1.24571   -0.0847592
52.1771   -1.21975   -0.0656464
52.2022   -1.19515   -0.0454908
52.2272   -1.16943   -0.0249922
52.2522   -1.13858   0.000397176
52.2772   -1.10593   0.03009
52.3023   -1.07379   0.0614421
52.3273   -1.03892   0.0890306
52.3523   -1.00738   0.116366
52.3773   -0.976388   0.143397
52.4023   -0.944407   0.176229
52.4274   -0.914856   0.209155
52.4524   -0.885015   0.242631
52.4774   -0.862731   0.267644
52.5025   -0.836516   0.300311
52.5275   -0.815881   0.322829
52.5525   -0.800784   0.343029
52.5775   -0.785086   0.364187
52.6026   -0.774944   0.377509
52.6276   -0.768448   0.386385
52.6526   -0.766751   0.386851
52.6776   -0.767102   0.388711
52.7026   -0.768744   0.38173
52.7277   -0.776237   0.369868
52.7527   -0.784981   0.35557
52.7777   -0.797253   0.339745
52.8028   -0.814783   0.319082
52.8278   -0.835267   0.293115
52.8528   -0.859166   0.262728
52.8778   -0.885219   0.234441
52.9029   -0.91447   0.201256
52.9279   -0.94457   0.169061
52.9529   -0.977513   0.135919
52.9779   -1.01156   0.108824
53.0029   -1.04912   0.076804
53.028   -1.08334   0.0481326
53.053   -1.11633   0.0178417
53.078   -1.15281   -0.0126602
53.1031   -1.18495   -0.0379799
53.1281   -1.21612   -0.0640677
53.1531   -1.24255   -0.0812181
53.1781   -1.26596   -0.0991938
53.2032   -1.28748   -0.111524
53.2282   -1.30368   -0.124786
53.2532   -1.31554   -0.131076
53.2782   -1.32302   -0.135507
53.3032   -1.32377   -0.135768
53.3283   -1.32329   -0.135131
53.3533   -1.31988   -0.134002
53.3783   -1.3084   -0.127131
53.4034   -1.28981   -0.117214
53.4284   -1.27381   -0.104988
53.4534   -1.25186   -0.0920556
53.4784   -1.22249   -0.0689944
53.5035   -1.19358   -0.0505559
53.5285   -1.16183   -0.0231416
53.5535   -1.12932   0.00424791
53.5785   -1.09417   0.0373971
53.6035   -1.06139   0.062355
53.6286   -1.02236   0.0949137
53.6536   -0.988405   0.12388
53.6786   -0.954987   0.156661
53.7037   -0.923856   0.189854
53.7287   -0.89267   0.223845
53.7537   -0.866083   0.254191
53.7787   -0.841901   0.28193
53.8038   -0.823415   0.308957
53.8288   -0.805704   0.32963
53.8538   -0.788491   0.350884
53.8788   -0.777123   0.366229
53.9038   -0.768626   0.37864
53.9289   -0.766827   0.381743
53.9539   -0.767293   0.382371
53.9789   -0.768817   0.37755
54.004   -0.773854   0.369381
54.029   -0.784269   0.356502
54.054   -0.795011   0.339839
54.079   -0.813979   0.320297
54.1041   -0.831592   0.297922
54.1291   -0.854527   0.271236
54.1541   -0.879639   0.241492
54.1791   -0.905333   0.211454
54.2041   -0.933352   0.181497
54.2292   -0.965447   0.150623
54.2542   -0.995573   0.119627
54.2792   -1.02699   0.091243
54.3042   -1.06117   0.0623937
54.3293   -1.09298   0.0352952
54.3543   -1.12367   0.0117932
54.3793   -1.1527   -0.0168769
54.4044   -1.18322   -0.0387305
54.4294   -1.20758   -0.0599889
54.4544   -1.23016   -0.0743221
54.4794   -1.25259   -0.0925068
54.5044   -1.2696   -0.101509
54.5295   -1.2845   -0.11339
54.5545   -1.29763   -0.122329
54.5795   -1.30126   -0.124655
54.6046   -1.30247   -0.125131
54.6296   -1.30111   -0.124417
54.6546   -1.2991   -0.12366
54.6796   -1.28814   -0.117216
54.7047   -1.27592   -0.110784
54.7297   -1.25975   -0.0971459
54.7547   -1.24195   -0.0878731
54.7797   -1.21874   -0.0677773
54.8047   -1.1958   -0.05223
54.8298   -1.16903   -0.0291601
54.8548   -1.13927   -0.00522407
54.8798   -1.10707   0.0223747
54.9048   -1.07514   0.0498161
54.9299   -1.04048   0.0786177
54.9549   -1.00958   0.106393
54.9799   -0.977624   0.138076
55.005   -0.945843   0.171202
55.03   -0.918911   0.198555
55.055   -0.891376   0.228221
55.08   -0.866525   0.256363
55.105   -0.845081   0.28276
55.1301   -0.824175   0.308258
55.1551   -0.807857   0.32982
55.1801   -0.795109   0.344699
55.2052   -0.786201   0.355826
55.2302   -0.778349   0.365882
55.2552   -0.775083   0.371051
55.2802   -0.775859   0.37003
55.3053   -0.776961   0.365741
55.3303   -0.784745   0.353687
55.3553   -0.794083   0.340595
55.3803   -0.808754   0.323582
55.4053   -0.824674   0.301033
55.4304   -0.845996   0.275256
55.4554   -0.870313   0.247496
55.4804   -0.89648   0.21608
55.5054   -0.924872   0.184531
55.5305   -0.956509   0.152862
55.5555   -0.987323   0.123098
55.5805   -1.01928   0.0936919
55.6056   -1.05332   0.0639421
55.6306   -1.08621   0.0361849
55.6556   -1.11862   0.0101919
55.6806   -1.15271   -0.0185403
55.7056   -1.18496   -0.0436286
55.7307   -1.21041   -0.0631257
55.7557   -1.23799   -0.0846053
55.7807   -1.26111   -0.0989475
55.8058   -1.27862   -0.111644
55.8308   -1.29645   -0.124749
55.8558   -1.31023   -0.131084
55.8808   -1.31327   -0.133054
55.9059   -1.31371   -0.132967
55.9309   -1.3121   -0.131864
55.9559   -1.30941   -0.130524
55.9809   -1.29752   -0.123871
56.0059   -1.27834   -0.112641
56.031   -1.26326   -0.100186
56.056   -1.24122   -0.0871804
56.081   -1.21588   -0.066176
56.106   -1.18591   -0.0476387
56.1311   -1.15929   -0.0235159
56.1561   -1.12811   2.34625e-05
56.1811   -1.09427   0.0302114
56.2062   -1.06234   0.0570768
56.2312   -1.02746   0.0871787
56.2562   -0.996931   0.116531
56.2812   -0.966344   0.146504
56.3062   -0.934449   0.179407
56.3313   -0.908115   0.208843
56.3563   -0.882347   0.237234
56.3813   -0.86102   0.26175
56.4064   -0.844164   0.285778
56.4314   -0.824423   0.30663
56.4564   -0.808954   0.327283
56.4814   -0.798907   0.341592
56.5065   -0.789858   0.351968
56.5315   -0.788382   0.353918
56.5565   -0.789066   0.354285
56.5815   -0.790411   0.351908
56.6065   -0.793282   0.345421
56.6316   -0.802612   0.333394
56.6566   -0.814146   0.318181
56.6816   -0.8296   0.300786
56.7066   -0.846586   0.277863
56.7317   -0.867245   0.253853
56.7567   -0.887346   0.230078
56.7817   -0.914078   0.199843
56.8068   -0.938708   0.171245
56.8318   -0.967404   0.141857
56.8568   -0.996494   0.110872
56.8818   -1.02959   0.0782084
56.9068   -1.05797   0.052416
56.9319   -1.08614   0.0260798
56.9569   -1.11712   0.00323751
56.9819   -1.1472   -0.0210802
57.007   -1.17473   -0.0417065
57.032   -1.19801   -0.0578064
57.057   -1.21936   -0.0747438
57.082   -1.24156   -0.0900527
57.1071   -1.25876   -0.100705
57.1321   -1.2718   -0.11092
57.1571   -1.28588   -0.118048
57.1821   -1.29064   -0.120754
57.2071   -1.29271   -0.121515
57.2322   -1.29149   -0.120581
57.2572   -1.28835   -0.119371
57.2822   -1.27789   -0.113644
57.3072   -1.26498   -0.104937
57.3323   -1.25205   -0.0940517
57.3573   -1.23239   -0.082979
57.3823   -1.20918   -0.0624765
57.4074   -1.18621   -0.0481667
57.4324   -1.16119   -0.0278617
57.4574   -1.12884   -0.0011264
57.4824   -1.10101   0.0204293
57.5074   -1.07168   0.0442406
57.5325   -1.03893   0.0722306
57.5575   -1.00743   0.103813
57.5825   -0.976949   0.135022
57.6076   -0.946037   0.166008
57.6326   -0.920032   0.193393
57.6576   -0.892358   0.223595
57.6826   -0.870387   0.250203
57.7077   -0.851491   0.272176
57.7327   -0.830378   0.29627
57.7577   -0.815096   0.318161
57.7827   -0.802407   0.333294
57.8077   -0.794164   0.343223
57.8328   -0.786699   0.350655
57.8578   -0.784839   0.354463
57.8828   -0.78446   0.352474
57.9078   -0.785267   0.347853
57.9329   -0.793729   0.338312
57.9579   -0.802996   0.326858
57.9829   -0.820669   0.307193
58.008   -0.834009   0.28703
58.033   -0.859026   0.260493
58.058   -0.882103   0.234973
58.083   -0.903827   0.207779
58.108   -0.933627   0.17624
58.1331   -0.963025   0.1475
58.1581   -0.995477   0.116694
58.1831   -1.02725   0.0862877
58.2082   -1.05949   0.0576045
58.2332   -1.0933   0.0315099
58.2582   -1.12575   0.00475856
58.2832   -1.15732   -0.0214163
58.3083   -1.18413   -0.0423017
58.3333   -1.21397   -0.0644697
58.3583   -1.23906   -0.0805363
58.3833   -1.26227   -0.0983214
58.4083   -1.27795   -0.106959
58.4334   -1.29101   -0.1169
58.4584   -1.30075   -0.123462
58.4834   -1.30957   -0.129816
58.5084   -1.3105   -0.130474
58.5335   -1.31001   -0.130357
58.5585   -1.30335   -0.12733
58.5835   -1.2891   -0.118725
58.6086   -1.27568   -0.109223
58.6336   -1.25642   -0.0957341
58.6586   -1.23787   -0.0836637
58.6836   -1.21209   -0.0638167
58.7086   -1.18612   -0.0478445
58.7337   -1.15837   -0.0225935
58.7587   -1.12695   0.000851649
58.7837   -1.09641   0.025006
58.8088   -1.066   0.0475525
58.8338   -1.03128   0.0810993
58.8588   -1.00034   0.110853
58.8838   -0.973974   0.138661
58.9089   -0.944642   0.169511
58.9339   -0.918064   0.196186
58.9589   -0.892881   0.223618
58.9839   -0.871589   0.24954
59.0089   -0.854729   0.270984
59.034   -0.833896   0.292642
59.059   -0.822459   0.310422
59.084   -0.81409   0.322648
59.109   -0.806361   0.333932
59.1341   -0.801306   0.337978
59.1591   -0.799307   0.338787
59.1841   -0.800339   0.336491
59.2092   -0.805736   0.328918
59.2342   -0.814505   0.318339
59.2592   -0.82402   0.306443
59.2842   -0.836226   0.291275
59.3092   -0.853574   0.268835
59.3343   -0.873684   0.247593
59.3593   -0.893349   0.224396
59.3843   -0.916739   0.196623
59.4094   -0.94207   0.169543
59.4344   -0.971837   0.139764
59.4594   -0.997663   0.116562
59.4844   -1.029   0.087061
59.5095   -1.06057   0.0602743
59.5345   -1.08547   0.0394668
59.5595   -1.11648   0.0141123
59.5845   -1.14338   -0.0105486
59.6095   -1.16721   -0.0286342
59.6346   -1.19434   -0.0517191
59.6596   -1.21696   -0.0664255
59.6846   -1.23793   -0.0842161
59.7096   -1.25451   -0.0944026
59.7347   -1.26766   -0.102495
59.7597   -1.27961   -0.110105
59.7847   -1.28681   -0.116806
59.8098   -1.28803   -0.118475
59.8348   -1.28839   -0.119297
59.8598   -1.28746   -0.119594
59.8848   -1.2767   -0.112339
59.9098   -1.26462   -0.102865
59.9349   -1.25202   -0.0939405
59.9599   -1.23243   -0.0827347
59.9849   -1.20982   -0.0626992
60.01   -1.18736   -0.0489808
60.035   -1.16185   -0.0275956
60.06   -1.13064   -0.00293707
60.085   -1.10439   0.0192303
60.1101   -1.07302   0.0449254
60.1351   -1.04067   0.0728586
60.1601   -1.0093   0.105145
60.1851   -0.982306   0.131959
60.2101   -0.952897   0.162462
60.2352   -0.925248   0.18959
60.2602   -0.90192   0.215004
60.2852   -0.876423   0.243495
60.3103   -0.856787   0.267763
60.3353   -0.835148   0.290122
60.3603   -0.822344   0.307258
60.3853   -0.807975   0.324742
60.4104   -0.803004   0.334341
60.4354   -0.796604   0.341629
60.4604   -0.796503   0.344035
60.4854   -0.796948   0.34357
60.5104   -0.798988   0.33883
60.5355   -0.807042   0.328936
60.5605   -0.81611   0.314637
60.5855   -0.829235   0.297728
60.6106   -0.844891   0.279047
60.6356   -0.86626   0.254702
60.6606   -0.884702   0.230136
60.6856   -0.913569   0.202199
60.7107   -0.937417   0.177252
60.7357   -0.966916   0.146708
60.7607   -0.997078   0.117673
60.7857   -1.02957   0.0878995
60.8107   -1.06088   0.0606511
60.8358   -1.08847   0.0374766
60.8608   -1.11804   0.0139367
60.8858   -1.14986   -0.0136312
60.9109   -1.17545   -0.0353108
60.9359   -1.19823   -0.0524402
60.9609   -1.21966   -0.0675949
60.9859   -1.24144   -0.0827562
61.011   -1.2572   -0.0944665
61.036   -1.26713   -0.101358
61.061   -1.27709   -0.106847
61.086   -1.28089   -0.109875
61.111   -1.28158   -0.109357
61.1361   -1.27764   -0.106413
61.1611   -1.27489   -0.104776
61.1861   -1.2634   -0.0973622
61.2112   -1.24973   -0.0900425
61.2362   -1.23161   -0.0754113
61.2612   -1.21555   -0.0650065
61.2862   -1.19365   -0.0464661
61.3113   -1.17169   -0.0300624
61.3363   -1.1422   -0.00484875
61.3613   -1.11462   0.0177528
61.3863   -1.08495   0.04269
61.4113   -1.0602   0.0663423
61.4364   -1.02767   0.092851
61.4614   -0.997362   0.120424
61.4864   -0.9734   0.143052
61.5114   -0.945057   0.17211
61.5365   -0.92237   0.19521
61.5615   -0.900605   0.221066
61.5865   -0.875976   0.24668
61.6116   -0.860772   0.265093
61.6366   -0.844057   0.285629
61.6616   -0.828386   0.305042
61.6866   -0.817906   0.318947
61.7116   -0.81369   0.326306
61.7367   -0.807346   0.33475
61.7617   -0.80686   0.337174
61.7867   -0.807107   0.337859
61.8118   -0.809036   0.33331
61.8368   -0.816504   0.324248
61.8618   -0.825806   0.311591
61.8868   -0.842206   0.291866
61.9119   -0.856122   0.274197
61.9369   -0.874468   0.253788
61.9619   -0.893932   0.228701
61.9869   -0.915908   0.205822
62.0119   -0.941902   0.175949
62.037   -0.967434   0.151952
62.062   -0.994741   0.125401
62.087   -1.02147   0.102827
62.112   -1.05116   0.0770737
62.1371   -1.07679   0.0560757
62.1621   -1.10469   0.0330106
62.1871   -1.12999   0.00798399
62.2122   -1.15956   -0.0164628
62.2372   -1.18384   -0.0363678
62.2622   -1.20556   -0.051208
62.2872   -1.2256   -0.0674277
62.3122   -1.24246   -0.0796295
62.3373   -1.25431   -0.0867006
62.3623   -1.2662   -0.0940891
62.3873   -1.27478   -0.099429
62.4124   -1.27606   -0.098722
62.4374   -1.27631   -0.0979286
62.4624   -1.27577   -0.0965052
62.4874   -1.26475   -0.0902413
62.5125   -1.25294   -0.0833925
62.5375   -1.24059   -0.0716793
62.5625   -1.22131   -0.0595494
62.5875   -1.20055   -0.0444926
62.6125   -1.17795   -0.0254416
62.6376   -1.15161   -0.00512124
62.6626   -1.12553   0.0188072
62.6876   -1.09576   0.0434801
62.7126   -1.06524   0.0673307
62.7377   -1.03917   0.0899573
62.7627   -1.00718   0.116401
62.7877   -0.978604   0.141423
62.8128   -0.953988   0.168796
62.8378   -0.926199   0.19598
62.8628   -0.904358   0.21985
62.8878   -0.877655   0.247079
62.9128   -0.858331   0.27117
62.9379   -0.843129   0.288161
62.9629   -0.826356   0.306917
62.9879   -0.815302   0.321503
63.013   -0.80731   0.332836
63.038   -0.801105   0.340036
63.063   -0.799103   0.343836
63.088   -0.799169   0.343748
63.1131   -0.804805   0.336459
63.1381   -0.813312   0.325355
63.1631   -0.823612   0.310011
63.1881   -0.836867   0.294796
63.2131   -0.854464   0.273856
63.2382   -0.874065   0.252905
63.2632   -0.894357   0.227355
63.2882   -0.916982   0.202574
63.3132   -0.944262   0.174173
63.3383   -0.970495   0.149668
63.3633   -0.997301   0.123721
63.3883   -1.02931   0.0966022
63.4134   -1.05854   0.071676
63.4384   -1.08485   0.0497235
63.4634   -1.11542   0.0269624
63.4884   -1.14187   0.0027317
63.5134   -1.16458   -0.0179163
63.5385   -1.18996   -0.0403862
63.5635   -1.2081   -0.0534018
63.5885   -1.22877   -0.0696048
63.6136   -1.24326   -0.0799162
63.6386   -1.25372   -0.0869892
63.6636   -1.26274   -0.0912446
63.6886   -1.26711   -0.0957517
63.7137   -1.26669   -0.094078
63.7387   -1.26531   -0.0917204
63.7637   -1.26324   -0.0898657
63.7887   -1.25182   -0.0834113
63.8137   -1.23941   -0.0760203
63.8388   -1.22102   -0.0598898
63.8638   -1.20597   -0.0503772
63.8888   -1.18394   -0.0305824
63.9138   -1.16293   -0.0145734
63.9389   -1.1383   0.00881942
63.9639   -1.11566   0.0262477
63.9889   -1.08444   0.0530618
64.0139   -1.05639   0.0791115
64.039   -1.02958   0.102248
64.064   -1.00007   0.1262
64.089   -0.975644   0.146002
64.1141   -0.95053   0.172039
64.1391   -0.92539   0.198395
64.1641   -0.905471   0.223229
64.1891   -0.883453   0.245892
64.2142   -0.865113   0.26696
64.2392   -0.848749   0.286787
64.2642   -0.836715   0.302528
64.2892   -0.826257   0.314796
64.3143   -0.818053   0.323272
64.3393   -0.814351   0.327245
64.3643   -0.814014   0.329245
64.3893   -0.814729   0.327263
64.4143   -0.81574   0.323179
64.4394   -0.824138   0.312827
64.4644   -0.833014   0.299112
64.4894   -0.844634   0.286177
64.5144   -0.861211   0.26826
64.5395   -0.877516   0.248106
64.5645   -0.893462   0.226706
64.5895   -0.917831   0.202904
64.6145   -0.942041   0.180222
64.6396   -0.964012   0.156792
64.6646   -0.991458   0.129993
64.6896   -1.01785   0.107688
64.7147   -1.04211   0.0850569
64.7397   -1.07252   0.0603615
64.7647   -1.09878   0.0387862
64.7897   -1.12526   0.0142407
64.8148   -1.1483   -0.00623637
64.8398   -1.17254   -0.0292536
64.8648   -1.19364   -0.0440952
64.8898   -1.2162   -0.0623168
64.9149   -1.23121   -0.0727769
64.9399   -1.24236   -0.0799917
64.9649   -1.25316   -0.0859615
64.9899   -1.26225   -0.0925097
65.0149   -1.26405   -0.0920614
65.04   -1.26436   -0.0914887
65.065   -1.26307   -0.0904785
65.09   -1.25293   -0.0846415
65.115   -1.24136   -0.078106
65.1401   -1.22892   -0.0647861
65.1651   -1.21046   -0.0532909
65.1901   -1.18948   -0.0380952
65.2151   -1.16847   -0.0193679
65.2402   -1.14246   0.00249357
65.2652   -1.11667   0.0206719
65.2902   -1.08889   0.0461935
65.3153   -1.06123   0.0705449
65.3403   -1.02978   0.0954453
65.3653   -1.00479   0.117433
65.3903   -0.976623   0.143096
65.4154   -0.95278   0.166568
65.4404   -0.925521   0.193005
65.4654   -0.904961   0.216868
65.4904   -0.881817   0.242651
65.5155   -0.864228   0.26429
65.5405   -0.847066   0.280772
65.5655   -0.835118   0.296742
65.5905   -0.825756   0.310099
65.6155   -0.816763   0.321024
65.6406   -0.811066   0.328224
