0,122.503,108.958,0.726947
0.025025,122.679,108.87,0.72583
0.05005,123.158,108.349,0.721514
0.075075,123.83,107.401,0.714466
0.1001,124.609,106.362,0.706563
0.125125,125.561,105.023,0.696561
0.15015,126.773,103.745,0.685831
0.175175,128.226,101.848,0.671248
0.2002,129.755,99.7456,0.655375
0.225225,131.682,96.9151,0.634469
0.25025,134.189,93.5291,0.608705
0.275275,137.26,88.9668,0.575082
0.3003,140.534,83.3712,0.535439
0.325325,144.406,76.5286,0.487322
0.35035,148.143,68.3328,0.43218
0.375375,151.723,59.441,0.373394
0.4004,154.891,49.5112,0.309388
0.425425,157.783,38.852,0.241433
0.45045,159.88,27.8814,0.172654
0.475475,161.457,16.7262,0.103227
0.5005,161.801,6.26835,0.0387217
0.525525,161.788,-4.8123,-0.0297359
0.55055,161.37,-13.5509,-0.0837777
0.575575,160.439,-22.3121,-0.138183
0.6006,159.187,-30.2771,-0.187953
0.625625,157.912,-37.0712,-0.230582
0.65065,156.361,-42.6007,-0.265995
0.675675,155.156,-47.1828,-0.295214
0.7007,154.02,-50.5811,-0.31731
0.725725,153.207,-52.641,-0.330956
0.75075,153.091,-53.8584,-0.338281
0.775775,153.039,-54.1762,-0.340236
0.8008,153.175,-52.9232,-0.332668
0.825825,153.976,-51.0946,-0.320402
0.85085,154.976,-48.0158,-0.300448
0.875875,156.061,-43.4779,-0.271706
0.9009,157.247,-38.2241,-0.238459
0.925925,158.446,-32.3554,-0.201434
0.95095,159.695,-25.528,-0.158514
0.975975,160.419,-18.4981,-0.114804
1.001,161.19,-11.2782,-0.0698547
1.02602,164.982,-2.63529,-0.0159718
1.05105,161.815,3.358,0.020749
1.07607,161.587,9.84785,0.0608694
1.1011,161.323,15.7714,0.0974536
1.12613,160.621,21.288,0.131768
1.15115,160.246,25.7908,0.159577
1.17617,159.554,29.695,0.184008
1.2012,159.011,33.1457,0.205506
1.22622,158.563,35.8315,0.222243
1.25125,157.928,38.6834,0.240215
1.27628,157.183,41.302,0.256956
1.3013,156.636,43.7697,0.272484
1.32632,155.831,46.5148,0.290075
1.35135,155.043,49.3322,0.308054
1.37637,154.384,51.6986,0.323134
1.4014,153.74,53.9662,0.337585
1.42643,152.969,55.9325,0.350544
1.45145,152.318,57.6934,0.362072
1.47647,151.773,58.7675,0.369429
1.5015,151.649,59.2562,0.372504
1.52652,151.761,59.3984,0.373066
1.55155,151.975,58.6766,0.36846
1.57658,152.575,57.3641,0.359623
1.6016,152.967,55.7408,0.349445
1.62662,153.829,53.5791,0.335163
1.65165,154.66,50.7319,0.316964
1.67667,155.606,47.8808,0.298511
1.7017,156.315,45.2183,0.28159
1.72673,157.017,42.4391,0.263976
1.75175,157.692,39.6135,0.246116
1.77677,158.133,37.1856,0.230958
1.8018,158.756,34.6276,0.214754
1.82682,159.145,32.3951,0.200814
1.85185,159.651,29.6084,0.183373
1.87688,160.272,26.5531,0.164184
1.9019,160.615,22.8815,0.14151
1.92692,161.103,18.861,0.116544
1.95195,161.266,14.089,0.0871438
1.97697,161.729,8.50729,0.0525538
2.002,161.763,2.49336,0.0154124
2.02703,161.796,-4.20167,-0.025963
2.05205,161.566,-11.0795,-0.0684684
2.07707,160.566,-17.6535,-0.109506
2.1021,159.626,-24.15,-0.150152
2.12712,158.721,-30.345,-0.188906
2.15215,157.47,-35.5918,-0.222289
2.17718,156.578,-40.4747,-0.252958
2.2022,155.927,-44.1807,-0.276106
2.22722,155.126,-47.0742,-0.294627
2.25225,154.475,-49.1053,-0.307784
2.27727,154.28,-49.9089,-0.312869
2.3023,154.103,-49.8602,-0.31292
2.32733,154.661,-48.4689,-0.303694
2.35235,155.356,-46.0278,-0.288033
2.37737,156.153,-42.8507,-0.267823
2.4024,157.312,-38.3443,-0.239086
2.42742,158.262,-32.7286,-0.203926
2.45245,159.581,-26.1576,-0.162469
2.47748,160.401,-18.6608,-0.115818
2.5025,161.42,-10.3539,-0.0640545
2.52752,161.717,-1.07542,-0.0066499
2.55255,161.701,8.72743,0.0539204
2.57757,160.744,19.2518,0.119199
2.6026,159.538,29.6473,0.183736
2.62763,157.21,40.2605,0.250706
2.65265,154.7,50.1715,0.313613
2.67767,151.753,59.686,0.374726
2.7027,148.378,68.2693,0.431224
2.72772,144.749,75.7722,0.48225
2.75275,141.405,82.3312,0.527255
2.77778,138.344,87.6722,0.564848
2.8028,135.689,91.6651,0.594129
2.82782,134.198,93.9904,0.610986
2.85285,133.338,95.4983,0.621524
2.87787,133.328,95.6037,0.622081
2.9029,134.366,94.2342,0.611616
2.92793,135.623,91.7006,0.594536
2.95295,138.271,87.7415,0.565445
2.97797,141.232,82.631,0.529371
3.003,144.607,76.1375,0.484633
3.02802,148.118,68.6424,0.433967
3.05305,151.282,60.1828,0.378623
3.07808,154.555,50.744,0.317235
3.1031,157.244,40.9368,0.254685
3.12812,159.162,30.7832,0.191049
3.15315,160.699,20.5333,0.127086
3.17817,161.621,10.5709,0.0653123
3.2032,161.725,1.4316,0.00885184
3.22823,161.591,-7.44531,-0.0460425
3.25325,161.213,-15.4168,-0.09534
3.27827,160.337,-22.2836,-0.138095
3.3033,159.341,-28.3402,-0.176018
3.32832,158.363,-33.1657,-0.206445
3.35335,157.46,-37.2,-0.231996
3.37838,157.001,-40.3348,-0.251471
3.4034,156.316,-42.2865,-0.264196
3.42842,156.09,-43.4985,-0.271781
3.45345,156.105,-43.9004,-0.274142
3.47847,156.058,-43.4221,-0.271379
3.5035,156.12,-42.1249,-0.263548
3.52853,156.938,-39.8901,-0.248907
3.55355,157.378,-36.5728,-0.228336
3.57857,158.246,-32.6244,-0.203315
3.6036,159.382,-28.2682,-0.175536
3.62862,160.151,-23.316,-0.144572
3.65365,160.398,-17.5239,-0.108821
3.67868,161.232,-11.9713,-0.0741128
3.7037,161.449,-6.3044,-0.0390291
3.72872,161.252,-0.598222,-0.00370984
3.75375,161.772,4.74711,0.029336
3.77877,161.616,9.61482,0.0594218
3.8038,161.404,13.9533,0.0862353
3.82883,160.862,17.9152,0.110913
3.85385,160.696,21.1794,0.131043
3.87887,160.384,23.9851,0.148448
3.9039,160.145,26.6344,0.164806
3.92893,159.71,28.9044,0.179043
3.95395,159.174,31.6703,0.196402
3.97898,158.62,34.3786,0.213435
4.004,157.998,37.311,0.2319
4.02902,157.133,40.4227,0.251792
4.05405,156.706,43.5213,0.2709
4.07907,155.976,46.637,0.290541
4.1041,154.959,49.6369,0.309995
4.12913,153.959,52.5664,0.329021
4.15415,153.056,54.8592,0.344161
4.17917,152.296,56.7897,0.35692
4.2042,151.888,58.3604,0.36684
4.22922,151.863,58.9367,0.370198
4.25425,151.908,59.0014,0.370469
4.27928,151.944,58.7584,0.368999
4.3043,152.067,57.9526,0.364107
4.32932,152.505,56.6704,0.355784
4.35435,153.143,54.9463,0.344486
4.37937,153.925,52.7674,0.330258
4.4044,154.806,50.5721,0.315751
4.42943,155.435,48.0453,0.299788
4.45445,156.121,45.365,0.282789
4.47947,156.83,42.5605,0.264997
4.5045,157.713,39.5072,0.245451
4.52952,158.581,35.7686,0.221842
4.55455,159.503,31.7237,0.196329
4.57958,160.243,27.4289,0.169528
4.6046,160.774,21.9578,0.135735
4.62962,161.324,16.4401,0.101557
4.65465,161.874,9.8663,0.0608752
4.67967,162.165,3.03382,0.0187061
4.7047,162.259,-4.31701,-0.0265995
4.72973,161.923,-11.6248,-0.071669
4.75475,160.977,-18.8883,-0.116801
4.77977,159.924,-25.8532,-0.160273
4.8048,158.725,-32.3208,-0.20088
4.82982,157.638,-38.294,-0.238307
4.85485,156.542,-43.2959,-0.269831
4.87988,155.74,-47.3033,-0.294877
4.9049,154.728,-50.337,-0.314526
4.92992,153.97,-52.2264,-0.327021
4.95495,153.735,-52.9145,-0.331492
4.97997,153.718,-52.5163,-0.329209
5.005,154.181,-51.0441,-0.319708
5.03003,155.117,-48.2626,-0.301642
5.05505,156.184,-44.2605,-0.276146
5.08007,157.518,-39.1817,-0.243796
5.1051,158.798,-33.2427,-0.206359
5.13012,160.009,-25.9869,-0.161003
5.15515,161.114,-18.1759,-0.112339
5.18018,161.973,-9.20017,-0.0567398
5.2052,162.054,0.566729,0.00349713
5.23022,162.021,10.3173,0.0635932
5.25525,160.801,20.5864,0.127332
5.28027,159.499,30.618,0.189656
5.3053,157.51,40.5936,0.252233
5.33033,155.065,49.8118,0.31082
5.35535,152.191,58.5919,0.3675
5.38037,149.265,66.0845,0.416793
5.4054,146.237,72.7809,0.461798
5.43042,143.295,78.5751,0.501573
5.45545,140.861,83.007,0.532502
5.48048,139.073,86.2529,0.555139
5.5055,137.667,88.2821,0.570217
5.53052,137.287,88.9244,0.574775
5.55555,137.389,88.7051,0.573309
5.58057,138.422,86.9732,0.560982
5.6056,139.85,84.519,0.543616
5.63063,142.14,80.5848,0.515755
5.65565,144.843,75.4202,0.480074
5.68067,147.808,69.4572,0.439292
5.7057,150.813,62.3454,0.392001
5.73072,153.75,54.4677,0.340467
5.75575,156.139,45.956,0.286244
5.78078,158.335,36.919,0.229076
5.8058,159.858,27.8545,0.172514
5.83082,161.339,18.7648,0.115786
5.85585,161.967,10.4317,0.0643171
5.88087,162.14,2.40702,0.0148443
5.9059,162.175,-5.15033,-0.0317472
5.93093,161.886,-11.4067,-0.0703448
5.95595,161.273,-17.113,-0.105717
5.98097,160.846,-21.5653,-0.13328
6.006,160.445,-25.4492,-0.157306
6.03102,159.829,-28.4143,-0.175941
6.05605,159.441,-30.5501,-0.189314
6.08108,158.984,-32.3119,-0.200509
6.1061,158.971,-33.2955,-0.20646
6.13112,158.809,-33.5129,-0.207975
6.15615,158.885,-33.3546,-0.206924
6.18117,158.928,-32.3924,-0.201064
6.2062,158.94,-30.8533,-0.191735
6.23123,159.379,-28.5242,-0.177095
6.25625,159.791,-25.9366,-0.160913
6.28127,160.395,-22.9147,-0.141904
6.3063,160.945,-19.3115,-0.119418
6.33132,161.213,-15.3938,-0.0951986
6.35635,161.369,-11.212,-0.0693693
6.38138,161.633,-7.20018,-0.0445171
6.4064,162.235,-2.35805,-0.0145338
6.43142,163.524,1.62937,0.00996375
6.45645,161.903,4.51947,0.0279073
6.48147,161.747,7.72989,0.0477538
6.5065,161.612,10.655,0.0658338
6.53153,161.487,13.3374,0.0824038
6.55655,161.401,15.7514,0.0972841
6.58157,161.126,18.4349,0.113918
6.6066,161.09,20.8935,0.128981
6.63162,160.496,23.6901,0.146547
6.65665,160.187,26.8419,0.166023
6.68168,159.437,30.4422,0.188665
6.7067,158.711,34.2851,0.212752
6.73172,157.997,38.1789,0.237098
6.75675,157.027,42.4271,0.263889
6.78177,156.041,46.3759,0.288889
6.8068,154.727,50.3232,0.314449
6.83183,153.58,53.7362,0.336576
6.85685,152.626,56.6604,0.355468
6.88187,151.854,58.9665,0.370389
6.9069,151.453,60.7437,0.381431
6.93192,150.916,62.0567,0.390123
6.95695,150.814,62.5713,0.393277
6.98198,150.742,62.6673,0.393989
7.007,150.775,62.3746,0.392254
7.03202,151.046,61.1737,0.38481
7.05705,151.678,59.6375,0.374617
7.08207,152.794,57.4586,0.359693
7.1071,153.624,54.6922,0.342023
7.13213,154.602,51.6687,0.322535
7.15715,155.586,48.1616,0.300195
7.18217,156.746,44.3643,0.27582
7.2072,157.906,39.6473,0.245997
7.23222,159.024,34.4363,0.213255
7.25725,159.995,28.5426,0.17654
7.28228,160.698,22.2564,0.137622
7.3073,161.303,15.2044,0.0939823
7.33232,162.069,7.65153,0.0471764
7.35735,162.175,0.24945,0.00153816
7.38237,162.134,-7.67816,-0.0473215
7.4074,161.458,-15.4722,-0.0955364
7.43243,160.471,-22.9432,-0.142012
7.45745,159.147,-30.2388,-0.187768
7.48247,157.788,-36.4236,-0.226865
7.5075,156.305,-41.645,-0.260386
7.53252,155.51,-46.3857,-0.289878
7.55755,154.441,-49.595,-0.310723
7.58258,153.844,-51.7748,-0.324635
7.6076,153.446,-52.8059,-0.331438
7.63262,153.615,-52.4991,-0.329312
7.65765,153.882,-51.2384,-0.321427
7.68267,154.582,-48.5469,-0.304298
7.7077,155.917,-44.5243,-0.27816
7.73273,157.134,-39.7206,-0.247596
7.75775,158.414,-33.591,-0.208951
7.78277,159.718,-26.6406,-0.165276
7.8078,160.643,-18.5979,-0.115259
7.83282,161.637,-10.1829,-0.0629151
7.85785,163.249,-0.868032,-0.00531716
7.88288,161.866,8.42185,0.0519829
7.9079,160.89,18.1575,0.112381
7.93293,159.954,27.5469,0.170544
7.95795,158.249,36.6662,0.227682
7.98297,156.105,45.4411,0.283265
8.008,153.841,53.4982,0.334669
8.03303,151.36,60.6735,0.381243
8.05805,148.913,67.0265,0.42294
8.08307,146.49,72.3483,0.458739
8.1081,144.443,76.6817,0.488043
8.13312,142.568,79.8014,0.510292
8.15815,141.299,81.8856,0.525225
8.18318,140.581,83.0501,0.5336
8.2082,140.474,83.0143,0.533746
8.23322,141.301,81.7349,0.524421
8.25825,142.462,79.5701,0.509373
8.28327,144.226,76.4583,0.48746
8.3083,146.149,72.3592,0.459725
8.33333,148.336,67.2505,0.425649
8.35835,150.941,61.3221,0.385894
8.38338,153.109,54.584,0.342458
8.4084,155.402,47.3654,0.295849
8.43342,157.345,39.6227,0.246692
8.45845,159.062,31.9638,0.19831
8.48348,160.045,24.1368,0.149685
8.5085,160.857,16.9209,0.104806
8.53353,161.598,9.80311,0.0605895
8.55855,161.605,3.53168,0.0218503
8.58357,160.359,-0.97313,-0.00606839
8.6086,161.535,-6.66775,-0.041254
8.63363,161.373,-10.6796,-0.0660831
8.65865,161.215,-14.1402,-0.0874862
8.68368,160.704,-16.6505,-0.103242
8.7087,160.407,-18.6699,-0.115869
8.73372,160.279,-20.5537,-0.127541
8.75875,160.32,-21.945,-0.136037
8.78378,160.119,-22.6893,-0.140766
8.8088,160.222,-23.2343,-0.144009
8.83383,160.171,-23.4938,-0.14564
8.85885,160.166,-23.4235,-0.145216
8.88387,160.169,-22.5218,-0.139697
8.9089,160.224,-21.3865,-0.132695
8.93393,160.264,-19.6969,-0.12229
8.95895,160.481,-17.9277,-0.111251
8.98398,160.68,-15.6889,-0.097332
9.009,161.111,-13.3211,-0.0824949
9.03402,161.367,-10.5878,-0.0655197
9.05905,161.386,-7.8526,-0.0486189
9.08408,161.612,-5.34213,-0.0330433
9.1091,161.428,-1.86481,-0.0115515
9.13412,161.277,1.90165,0.0117907
9.15915,161.716,2.31985,0.0143443
9.18417,161.694,4.5764,0.0282953
9.2092,161.65,7.21418,0.0445987
9.23423,161.625,9.55419,0.0590445
9.25925,161.575,12.4794,0.0770832
9.28427,161.202,15.4843,0.095762
9.3093,160.895,19.44,0.120241
9.33432,160.538,23.3617,0.144507
9.35935,159.914,27.7677,0.171927
9.38438,158.929,32.5491,0.202008
9.4094,157.915,37.5079,0.233199
9.43442,156.939,42.4969,0.264444
9.45945,155.816,47.4736,0.295743
9.48447,154.234,51.7928,0.323973
9.5095,152.76,56.341,0.353342
9.53453,151.34,59.7423,0.375977
9.55955,150.287,62.7417,0.395483
9.58457,149.304,65.0219,0.41073
9.6096,148.97,66.6645,0.420774
9.63462,148.474,67.5966,0.427232
9.65965,148.297,67.7184,0.428363
9.68468,148.289,67.4433,0.426846
9.7097,148.866,66.1778,0.418308
9.73472,149.881,63.9793,0.403452
9.75975,151.033,61.3742,0.385978
9.78477,152.304,57.8734,0.363135
9.8098,153.457,53.8722,0.337616
9.83483,154.916,49.3541,0.308419
9.85985,156.117,43.7375,0.273156
9.88487,157.866,37.7858,0.234934
9.9099,159.012,31.3535,0.194679
9.93492,160.352,23.805,0.147378
9.95995,160.79,16.476,0.102113
9.98498,161.703,8.34422,0.0515563
10.01,161.041,-0.316218,-0.00196358
10.035,161.606,-8.14128,-0.0503348
10.0601,161.108,-16.1293,-0.0997824
10.0851,160.202,-23.6877,-0.146798
10.1101,159.114,-30.6161,-0.190093
10.1351,157.894,-36.6498,-0.228076
10.1601,156.634,-41.947,-0.261663
10.1852,155.509,-46.3178,-0.28948
10.2102,154.435,-49.3501,-0.309297
10.2352,153.914,-51.4288,-0.322478
10.2602,153.744,-52.1856,-0.327228
10.2853,153.904,-51.8652,-0.325043
10.3103,154.223,-50.2698,-0.315095
10.3353,155.275,-47.3109,-0.295755
10.3604,156.172,-43.2977,-0.270451
10.3854,157.282,-38.2567,-0.238602
10.4104,158.674,-32.2856,-0.20073
10.4354,159.933,-25.3039,-0.156915
10.4604,160.925,-17.5658,-0.108725
10.4855,161.744,-9.24833,-0.0571164
10.5105,160.431,-0.844478,-0.00526377
10.5355,161.764,8.17377,0.0504861
10.5605,161.036,17.2381,0.106639
10.5856,160.058,25.7856,0.159729
10.6106,158.696,33.8548,0.210181
10.6356,157.059,41.5983,0.258913
10.6607,155.082,48.6757,0.304132
10.6857,153.124,55.014,0.344915
10.7107,151.106,60.6328,0.381592
10.7357,149.249,65.2093,0.41192
10.7607,147.673,68.9806,0.436997
10.7858,146.461,71.9013,0.456362
10.8108,145.323,73.8162,0.469984
10.8358,145.06,74.791,0.476039
10.8608,145.098,74.8283,0.476135
10.8859,145.45,74.0402,0.470855
10.9109,146.368,72.1347,0.457896
10.9359,147.421,69.452,0.440272
10.961,149.02,65.7793,0.41569
10.986,150.63,61.5946,0.388168
11.011,152.635,56.4936,0.354489
11.036,154.644,50.7664,0.317196
11.061,156.239,44.8059,0.279282
11.0861,157.801,38.5719,0.239733
11.1111,158.999,32.255,0.200146
11.1361,160.178,25.8536,0.160025
11.1611,160.868,19.7026,0.12187
11.1862,161.393,13.9824,0.0864203
11.2112,161.686,8.87044,0.0548072
11.2362,161.797,4.25684,0.0263037
11.2613,161.652,0.527177,0.00326118
11.2863,163.962,-4.62528,-0.0282019
11.3113,161.636,-5.52486,-0.0341676
11.3363,161.531,-8.13268,-0.0503051
11.3613,161.444,-10.2406,-0.0633464
11.3864,161.38,-12.2101,-0.0755166
11.4114,161.303,-13.6492,-0.0844172
11.4364,161.173,-15.1967,-0.0940101
11.4614,161.032,-16.3781,-0.101359
11.4865,160.906,-17.345,-0.107381
11.5115,160.941,-18.1154,-0.112088
11.5365,160.967,-18.4824,-0.114321
11.5616,161.011,-18.5088,-0.114451
11.5866,161.052,-18.409,-0.113811
11.6116,161.071,-18.1853,-0.112426
11.6366,161.115,-17.2878,-0.106892
11.6616,161.189,-16.2633,-0.100555
11.6867,161.249,-14.7027,-0.0909287
11.7117,161.363,-13.3262,-0.0823982
11.7367,161.529,-11.5343,-0.0712859
11.7617,161.544,-9.89088,-0.0611506
11.7868,161.68,-7.91887,-0.0489396
11.8118,161.632,-5.78106,-0.0357515
11.8368,161.604,-3.40828,-0.0210872
11.8619,161.491,-1.16638,-0.00722247
11.8869,161.757,1.57782,0.00975395
11.9119,161.747,4.62743,0.0286012
11.9369,161.646,8.43157,0.0521134
11.9619,161.611,12.5893,0.0777417
11.987,160.889,17.512,0.108418
12.012,160.515,22.5554,0.139605
12.037,159.716,28.2932,0.175329
12.062,158.596,34.2325,0.212586
12.0871,157.418,39.9841,0.248739
12.1121,155.994,45.6851,0.284897
12.1371,154.542,50.8544,0.317905
12.1622,153,55.9043,0.350317
12.1872,151.328,60.5064,0.380365
12.2122,149.911,64.0867,0.403984
12.2372,148.81,67.0655,0.423419
12.2622,147.812,69.1611,0.437638
12.2873,147.146,70.7225,0.448031
12.3123,147.073,70.9339,0.449391
12.3373,147.107,70.7605,0.448342
12.3623,147.681,69.702,0.44098
12.3874,148.599,67.6727,0.42734
12.4124,149.935,64.7637,0.407739
12.4374,151.185,60.9751,0.383362
12.4625,152.872,56.6407,0.354829
12.4875,154.652,51.1892,0.319647
12.5125,156.464,45.4145,0.282492
12.5375,158.005,38.6888,0.240135
12.5625,159.537,31.4192,0.194451
12.5876,160.642,23.5441,0.145527
12.6126,161.546,15.5742,0.0961104
12.6376,162.149,7.04807,0.0434393
12.6626,160.5,-0.696396,-0.00433889
12.6877,162.011,-9.60504,-0.0592171
12.7127,161.116,-17.3787,-0.107449
12.7377,160.106,-24.7706,-0.153496
12.7628,159.069,-31.2602,-0.194047
12.7878,157.941,-37.2136,-0.231397
12.8128,156.771,-42.0487,-0.262049
12.8378,155.773,-45.6745,-0.285218
12.8628,155.089,-48.2274,-0.301486
12.8879,154.515,-49.7158,-0.311293
12.9129,154.611,-50.0177,-0.31288
12.9379,154.863,-49.1124,-0.307101
12.9629,155.289,-46.7782,-0.292587
12.988,156.311,-43.5798,-0.271898
13.013,157.301,-39.305,-0.244857
13.038,158.426,-33.9348,-0.21101
13.0631,159.461,-27.8688,-0.173022
13.0881,160.461,-20.9265,-0.129683
13.1131,161.252,-13.5063,-0.0835643
13.1381,161.742,-5.59447,-0.0345751
13.1631,161.789,2.56062,0.0158256
13.1882,161.618,10.4856,0.064788
13.2132,160.853,18.481,0.114392
13.2382,159.924,26.1171,0.16188
13.2632,158.762,33.2208,0.206272
13.2883,157.413,39.8972,0.248228
13.3133,156.057,45.757,0.285213
13.3383,154.528,50.8469,0.317887
13.3634,153.05,55.5463,0.348146
13.3884,151.749,59.4096,0.373157
13.4134,150.535,62.6053,0.394125
13.4384,149.516,64.901,0.409533
13.4634,148.992,66.5717,0.420202
13.4885,148.485,67.5294,0.426829
13.5135,148.359,67.5987,0.427536
13.5385,148.586,66.8792,0.42294
13.5635,149.102,65.4645,0.413718
13.5886,150.117,63.3969,0.399595
13.6136,151.158,60.575,0.381145
13.6386,152.353,57.0928,0.358543
13.6637,153.731,52.9063,0.331452
13.6887,155.045,48.4712,0.303
13.7137,156.336,43.7368,0.272788
13.7387,157.67,38.5651,0.239883
13.7637,158.798,33.5146,0.208
13.7888,159.625,28.3995,0.176072
13.8138,160.18,23.5579,0.146025
13.8388,160.814,19.2704,0.119261
13.8638,160.93,15.2886,0.0947173
13.8889,161.587,11.544,0.0713203
13.9139,161.675,8.32162,0.051426
13.9389,161.698,5.55496,0.0343404
13.964,161.613,3.13606,0.0194023
13.989,161.611,0.881538,0.00545464
14.014,161.735,-2.35309,-0.0145481
14.039,161.549,-3.48554,-0.0215724
14.064,161.529,-5.52359,-0.0341824
14.0891,161.421,-7.6523,-0.0473703
14.1141,161.383,-9.57243,-0.0592456
14.1391,161.288,-11.6248,-0.0719505
14.1641,161.193,-13.4979,-0.0835425
14.1892,161.086,-15.267,-0.0944932
14.2142,160.945,-16.6067,-0.102818
14.2392,160.785,-17.5562,-0.10876
14.2643,160.902,-18.2371,-0.112861
14.2893,160.913,-18.6082,-0.11513
14.3143,160.989,-18.5851,-0.114935
14.3393,161.077,-18.4221,-0.113874
14.3643,160.999,-17.7988,-0.110106
14.3894,161.141,-16.5505,-0.102349
14.4144,161.21,-15.4309,-0.0954281
14.4394,161.291,-13.7133,-0.0848178
14.4644,161.384,-11.7877,-0.0729118
14.4895,161.641,-9.43217,-0.0582865
14.5145,161.646,-6.56933,-0.040618
14.5395,161.618,-2.95828,-0.018302
14.5646,161.917,0.511586,0.00315953
14.5896,161.727,5.07749,0.0313852
14.6146,161.646,10.3395,0.0638771
14.6396,161.229,15.819,0.0978021
14.6646,160.711,21.7745,0.134668
14.6897,159.768,28.389,0.175852
14.7147,158.682,34.6699,0.215107
14.7397,157.158,41.2258,0.256541
14.7647,155.727,47.4741,0.295903
14.7898,153.885,53.5102,0.334649
14.8148,152.081,58.6481,0.368064
14.8398,150.252,63.5023,0.399869
14.8649,148.637,67.4412,0.425953
14.8899,147.288,70.6002,0.446979
14.9149,146.25,72.6596,0.4611
14.9399,145.602,74.0082,0.470258
14.9649,145.403,74.4728,0.473346
14.99,145.446,73.7502,0.469281
15.015,146.4,72.3957,0.459243
15.04,147.328,69.7765,0.442317
15.065,149.024,66.42,0.419273
15.0901,150.764,62.0085,0.390205
15.1151,152.794,56.6513,0.355056
15.1401,154.715,50.6781,0.316543
15.1652,156.628,43.8803,0.273154
15.1902,158.414,36.5784,0.226926
15.2152,159.796,28.9637,0.179308
15.2402,160.825,20.6089,0.12745
15.2652,161.518,12.474,0.0770765
15.2903,161.955,4.23729,0.0261574
15.3153,161.703,-3.7659,-0.0232848
15.3403,161.407,-11.5896,-0.0716805
15.3653,160.634,-18.7016,-0.115901
15.3904,159.81,-25.4652,-0.158018
15.4154,158.901,-31.3183,-0.194599
15.4404,157.97,-35.9769,-0.223926
15.4655,157.127,-40.1153,-0.249966
15.4905,156.216,-42.9731,-0.268447
15.5155,155.939,-45.0194,-0.281057
15.5405,155.699,-45.4319,-0.283911
15.5655,155.822,-45.0875,-0.281661
15.5906,156.152,-43.4328,-0.271287
15.6156,156.886,-41.0137,-0.255701
15.6406,157.76,-37.386,-0.232687
15.6656,158.727,-33.1524,-0.205903
15.6907,159.686,-27.65,-0.171452
15.7157,160.514,-21.6013,-0.133772
15.7407,161.246,-15.1945,-0.0939544
15.7658,161.833,-8.22453,-0.0507776
15.7908,162.744,-1.36305,-0.00837522
15.8158,161.983,5.81319,0.0358723
15.8408,161.584,12.5977,0.0778064
15.8659,161.117,19.4475,0.120124
15.8909,160.279,25.6837,0.158893
15.9159,159.304,31.5028,0.195234
15.9409,158.417,36.742,0.227903
15.9659,157.202,41.6652,0.259084
15.991,156.152,45.8049,0.285332
16.016,155.035,49.5493,0.30934
16.041,154.128,52.6795,0.329342
16.0661,153.145,55.0355,0.344996
16.0911,152.694,56.9629,0.357063
16.1161,152.031,58.5993,0.367894
16.1411,151.74,59.2934,0.372513
16.1662,151.777,59.6719,0.374593
16.1912,151.844,59.4758,0.373322
16.2162,151.995,58.5407,0.36764
16.2412,152.772,56.9713,0.356944
16.2662,153.441,55.0379,0.344397
16.2913,154.04,52.5426,0.328721
16.3163,154.975,49.5569,0.309497
16.3413,155.878,46.2786,0.288602
16.3664,156.895,42.7019,0.265733
16.3914,157.749,38.7538,0.240897
16.4164,158.667,34.7885,0.215838
16.4414,159.421,30.9254,0.191606
16.4665,160.178,27.4606,0.169787
16.4915,160.555,23.7256,0.146711
16.5165,160.863,20.631,0.127556
16.5415,161.109,17.7186,0.109539
16.5665,161.472,14.7802,0.09128
16.5916,161.652,11.9653,0.0738845
16.6166,161.774,9.43299,0.0582436
16.6416,161.868,6.81147,0.0420556
16.6667,161.849,4.04352,0.0249781
16.6917,161.773,1.4248,0.00880718
16.7167,163.22,-3.86788,-0.023693
16.7417,161.598,-4.42261,-0.0273612
16.7668,161.503,-7.4175,-0.0458955
16.7918,161.412,-10.4073,-0.0643878
16.8168,161.307,-13.2944,-0.0822305
16.8418,160.924,-15.8494,-0.0981735
16.8668,160.846,-18.1334,-0.112264
16.8919,160.586,-20.1978,-0.125119
16.9169,160.396,-21.8768,-0.135556
16.9419,160.271,-22.9487,-0.14222
16.967,160.188,-23.5008,-0.145668
16.992,160.156,-24.0628,-0.149131
17.017,160.178,-24.0263,-0.148887
17.042,160.249,-23.2206,-0.143901
17.0671,160.325,-21.7265,-0.134695
17.0921,160.433,-19.6606,-0.121939
17.1171,160.647,-17.1979,-0.106648
17.1421,161.168,-14.3532,-0.0888231
17.1671,161.411,-10.659,-0.0659406
17.1922,161.679,-6.33963,-0.0391912
17.2172,160.772,-1.30694,-0.00812898
17.2422,161.814,3.9142,0.0241849
17.2673,161.659,9.77058,0.0603659
17.2923,160.85,16.5103,0.102286
17.3173,159.938,23.5068,0.14593
17.3423,158.912,30.3115,0.18848
17.3674,157.835,37.4579,0.233012
17.3924,156.074,43.9759,0.274643
17.4174,154.209,50.513,0.316547
17.4424,152.222,56.4962,0.355386
17.4674,150.294,61.6757,0.389411
17.4925,148.667,65.9645,0.417608
17.5175,147.19,69.5595,0.441474
17.5425,146.197,72.09,0.458112
17.5676,145.32,73.9222,0.470572
17.5926,144.961,74.5852,0.475196
17.6176,145.113,74.4038,0.47378
17.6426,145.68,73.0562,0.464834
17.6677,146.995,70.7108,0.448365
17.6927,148.357,67.6592,0.42788
17.7177,150.038,63.5205,0.400483
17.7427,152.025,58.5317,0.367521
17.7677,153.972,52.6229,0.329324
17.7928,155.921,46.1951,0.288033
17.8178,157.739,38.8501,0.241487
17.8428,159.287,31.3823,0.194526
17.8679,160.623,23.5594,0.145637
17.8929,161.39,15.5094,0.0958046
17.9179,161.756,7.59621,0.0469265
17.9429,161.596,0.0121275,7.50483e-05
17.968,161.743,-7.53988,-0.0465827
17.993,161.29,-14.4033,-0.0890645
18.018,160.736,-20.4667,-0.126649
18.043,159.843,-26.0318,-0.161441
18.068,159.092,-30.5328,-0.189614
18.0931,158.423,-34.2843,-0.213124
18.1181,157.801,-37.1083,-0.230963
18.1431,157.415,-38.8219,-0.241796
18.1682,157.218,-39.4564,-0.245887
18.1932,157.172,-39.3736,-0.245461
18.2182,157.263,-38.3079,-0.238937
18.2432,157.929,-36.2803,-0.225807
18.2683,158.315,-33.3025,-0.207333
18.2933,159.181,-29.6431,-0.184113
18.3183,159.917,-25.3341,-0.157115
18.3433,160.453,-20.3,-0.125848
18.3683,160.982,-14.7638,-0.0914549
18.3934,161.551,-8.93921,-0.0552772
18.4184,161.342,-2.21234,-0.0137113
18.4434,162.002,2.79862,0.0172734
18.4685,161.996,8.77353,0.0541061
18.4935,161.366,14.3867,0.0889205
18.5185,161.043,19.8078,0.122382
18.5435,160.381,24.64,0.152442
18.5686,159.626,29.2597,0.181289
18.5936,158.9,33.5,0.207781
18.6186,158.057,37.2208,0.231275
18.6436,157.25,40.6255,0.252821
18.6686,156.552,43.5666,0.271421
18.6937,155.914,46.1785,0.287948
18.7187,155.313,48.4993,0.302673
18.7437,154.704,50.423,0.315076
18.7688,154.312,51.8134,0.323944
18.7938,153.922,52.9179,0.331138
18.8188,153.787,53.5191,0.334899
18.8438,153.714,53.7513,0.336393
18.8689,153.786,53.6627,0.335733
18.8939,153.947,52.8666,0.330789
18.9189,154.201,51.6878,0.323427
18.9439,154.757,50.2796,0.314137
18.9689,155.195,48.4944,0.30286
18.994,155.903,46.2448,0.288358
19.019,156.59,43.588,0.271486
19.044,157.272,40.8338,0.254029
19.0691,157.866,38.2401,0.237653
19.0941,158.524,35.4081,0.219754
19.1191,158.993,32.5112,0.201701
19.1441,159.62,29.5635,0.183136
19.1692,160.042,26.746,0.165589
19.1942,160.53,23.8682,0.147602
19.2192,160.685,21.1309,0.130755
19.2442,160.863,18.4186,0.114002
19.2692,160.985,15.3942,0.0953355
19.2943,161.607,11.9092,0.0735597
19.3193,161.658,8.53201,0.0527292
19.3443,161.751,4.69778,0.0290351
19.3694,161.277,0.650347,0.00403246
19.3944,161.113,-2.16337,-0.0134268
19.4194,161.728,-7.06539,-0.0436592
19.4444,161.493,-11.0222,-0.0681466
19.4695,161.188,-14.7989,-0.0915547
19.4945,160.827,-18.1024,-0.112086
19.5195,160.573,-21.1498,-0.130961
19.5445,160.081,-23.6911,-0.146927
19.5695,159.831,-25.5952,-0.158791
19.5946,159.722,-27.2558,-0.169018
19.6196,159.705,-28.1097,-0.174226
19.6446,159.789,-28.3507,-0.175598
19.6697,159.872,-28.1841,-0.174498
19.6947,159.909,-26.7781,-0.165919
19.7197,160.096,-25.0841,-0.155418
19.7447,160.509,-22.3647,-0.138445
19.7698,160.791,-19.2927,-0.119415
19.7948,161.318,-15.3076,-0.0946073
19.8198,161.683,-10.6347,-0.0656806
19.8448,162.02,-5.40003,-0.0333169
19.8698,162.166,0.63382,0.00390844
19.8949,162.134,6.7939,0.0418787
19.9199,161.62,13.6715,0.0843893
19.9449,160.882,20.7425,0.128223
19.97,159.793,28.2392,0.174917
19.995,158.51,35.2234,0.218664
20.02,157.015,42.4734,0.264184
20.045,155.146,48.7298,0.304331
20.07,153.255,54.7779,0.343278
20.0951,151.275,60.2237,0.378874
20.1201,149.58,64.7461,0.408503
20.1451,148.158,68.5557,0.433381
20.1701,146.802,71.3541,0.452431
20.1952,146.167,73.0024,0.463205
20.2202,145.658,73.7575,0.468736
20.2452,145.869,73.7285,0.467994
20.2703,146.319,72.6135,0.460659
20.2953,147.337,70.5401,0.446518
20.3203,148.666,67.4573,0.425969
20.3453,150.332,63.4991,0.399659
20.3703,152.086,58.5944,0.367746
20.3954,154.069,52.8923,0.330696
20.4204,155.846,46.6659,0.290939
20.4454,157.656,39.7144,0.24677
20.4704,159.202,32.4874,0.201301
20.4955,160.433,24.9117,0.154047
20.5205,161.097,17.6091,0.108875
20.5455,161.705,10.1788,0.0628638
20.5706,161.875,2.95103,0.0182282
20.5956,161.538,-3.44589,-0.0213284
20.6206,161.586,-9.70981,-0.0600184
20.6456,161.087,-15.4428,-0.0955746
20.6706,160.682,-20.2332,-0.125262
20.6957,159.966,-24.4243,-0.151514
20.7207,159.459,-27.6422,-0.171644
20.7457,159.122,-30.2778,-0.188031
20.7707,158.839,-32.0957,-0.199379
20.7958,158.499,-32.7654,-0.203851
20.8208,158.337,-32.6882,-0.203587
20.8458,158.519,-31.9439,-0.198852
20.8709,158.717,-30.4809,-0.189735
20.8959,159.388,-28.2344,-0.175324
20.9209,159.62,-25.2603,-0.156951
20.9459,160.276,-21.8422,-0.135444
20.9709,160.406,-17.5674,-0.109083
20.996,161.196,-13.3949,-0.0829065
21.021,161.438,-8.7277,-0.0540099
21.046,161.565,-3.68115,-0.0227804
21.071,161.389,0.860327,0.00533071
21.0961,161.745,5.70347,0.0352476
21.1211,161.631,10.3285,0.0638148
21.1461,161.336,14.5744,0.0900916
21.1712,160.981,18.8559,0.1166
21.1962,160.56,22.506,0.139264
21.2212,160.082,26.0782,0.161487
21.2462,159.573,29.1729,0.180821
21.2712,159.048,32.4035,0.200983
21.2963,158.353,35.1737,0.218573
21.3213,158.004,37.7646,0.234609
21.3463,157.161,40.4063,0.25165
21.3713,156.859,42.6215,0.265313
21.3964,156.181,44.6649,0.278546
21.4214,155.794,46.5824,0.290538
21.4464,155.144,48.2394,0.301457
21.4715,154.958,49.5086,0.309246
21.4965,154.654,50.4786,0.315496
21.5215,154.655,50.6917,0.316737
21.5465,154.649,50.7563,0.317126
21.5715,154.757,50.6332,0.316201
21.5966,154.896,49.949,0.311939
21.6216,155.083,48.7528,0.304584
21.6466,155.45,47.3911,0.295912
21.6716,156.006,45.7652,0.285349
21.6967,156.698,43.7028,0.271987
21.7217,157.092,41.6262,0.259026
21.7467,157.661,39.3688,0.244702
21.7718,158.204,36.7084,0.227998
21.7968,158.847,34.0214,0.210989
21.8218,159.051,31.1389,0.193334
21.8468,159.838,28.0006,0.173421
21.8718,160.262,24.6328,0.15251
21.8969,160.737,21.174,0.130976
21.9219,160.856,17.4485,0.108051
21.9469,161.415,13.2103,0.0816587
21.9719,161.688,8.90728,0.0550335
21.997,161.788,4.22928,0.0261349
22.022,162.497,-1.11059,-0.0068344
22.047,161.66,-5.31332,-0.0328555
22.0721,161.486,-9.80064,-0.0606162
22.0971,161.163,-14.3767,-0.0889706
22.1221,160.674,-18.3861,-0.113936
22.1471,160.249,-22.2529,-0.137982
22.1721,159.722,-25.4308,-0.157893
22.1972,159.5,-27.9739,-0.173619
22.2222,159.212,-29.9961,-0.186221
22.2472,158.883,-31.2902,-0.194451
22.2722,158.792,-31.6372,-0.196662
22.2973,158.959,-31.3249,-0.194569
22.3223,159.091,-30.2351,-0.18781
22.3473,159.39,-28.1697,-0.174927
22.3724,159.784,-25.4633,-0.158032
22.3974,160.373,-21.8363,-0.135327
22.4224,160.655,-17.4126,-0.107964
22.4474,161.374,-12.4427,-0.0769528
22.4724,161.537,-6.87756,-0.0425501
22.4975,161.111,-0.709105,-0.0044013
22.5225,161.876,5.96425,0.036828
22.5475,161.508,12.7769,0.0789456
22.5725,160.876,20.2281,0.125081
22.5976,159.856,27.3795,0.16963
22.6226,158.603,34.4766,0.214047
22.6476,157.064,41.3005,0.257132
22.6727,155.578,47.6165,0.29701
22.6977,153.857,53.5522,0.33495
22.7227,152.065,58.6319,0.368006
22.7477,150.445,63.0001,0.396572
22.7727,148.972,66.5264,0.419998
22.7978,147.907,69.0576,0.436819
22.8228,147.181,70.7891,0.448305
22.8478,146.78,71.5152,0.453377
22.8728,146.887,71.5103,0.453065
22.8979,147.305,70.3537,0.445574
22.9229,148.262,68.3256,0.431835
22.9479,149.368,65.3938,0.412664
22.973,151.015,61.5814,0.387198
22.998,152.771,56.8805,0.356424
23.023,154.445,51.3882,0.321205
23.048,156.299,45.6351,0.284077
23.073,157.714,39.4716,0.245236
23.0981,159.106,32.5843,0.202004
23.1231,160.365,25.6688,0.158718
23.1481,160.875,19.0975,0.118157
23.1731,161.58,12.4838,0.0771079
23.1982,161.772,6.10983,0.0377502
23.2232,161.531,0.330377,0.0020453
23.2482,161.79,-5.33993,-0.0329932
23.2733,161.574,-10.2426,-0.0633078
23.2983,161.183,-14.5,-0.0897185
23.3233,160.865,-18.1986,-0.112651
23.3483,160.604,-21.0298,-0.130201
23.3733,160.266,-23.3814,-0.144869
23.3984,160.003,-25.116,-0.155702
23.4234,159.835,-25.8592,-0.160397
23.4484,159.905,-26.0355,-0.161402
23.4734,159.927,-25.5908,-0.158671
23.4985,160.004,-24.5862,-0.152468
23.5235,160.179,-23.2114,-0.143908
23.5485,160.342,-20.9039,-0.129639
23.5736,160.484,-18.2281,-0.113098
23.5986,161.013,-15.4233,-0.0954978
23.6236,161.3,-12.2859,-0.0760213
23.6486,161.582,-8.55688,-0.0529074
23.6736,161.631,-4.89827,-0.0302959
23.6987,162.24,-1.85807,-0.0114522
23.7237,161.769,2.63409,0.0162816
23.7487,161.698,6.28526,0.0388509
23.7737,161.663,9.6032,0.059333
23.7988,161.503,12.938,0.0799392
23.8238,161.349,15.948,0.0985217
23.8488,160.861,19.2217,0.118929
23.8739,160.78,22.06,0.136355
23.8989,160.33,24.7279,0.153025
23.9239,160.057,27.6657,0.171157
23.9489,159.16,30.5197,0.189455
23.9739,158.847,33.334,0.206848
23.999,158.227,35.9767,0.223573
24.024,157.728,38.669,0.240419
24.049,156.97,41.14,0.256323
24.074,156.437,43.7142,0.272486
24.0991,155.978,45.7627,0.285384
24.1241,155.402,47.6537,0.297544
24.1491,154.961,49.3564,0.308349
24.1742,154.756,50.4949,0.315397
24.1992,154.442,51.1388,0.319757
24.2242,154.522,51.5215,0.321833
24.2492,154.654,51.5692,0.321854
24.2743,154.714,51.3417,0.320415
24.2993,154.885,50.3832,0.314498
24.3243,155.287,48.8911,0.305019
24.3493,155.74,47.3827,0.295343
24.3743,156.407,45.3505,0.282213
24.3994,157.07,42.9691,0.267032
24.4244,157.606,39.9044,0.24798
24.4494,158.523,36.7762,0.227961
24.4745,159.07,33.5669,0.207968
24.4995,159.682,29.5823,0.183181
24.5245,160.435,25.4889,0.157557
24.5495,160.971,21.0484,0.130021
24.5746,161.093,16.2485,0.100525
24.5996,161.681,11.1612,0.0689227
24.6246,162.015,5.72427,0.0353171
24.6496,161.245,0.142903,0.000886247
24.6746,161.973,-4.85393,-0.0299586
24.6997,161.88,-10.1959,-0.0629013
24.7247,161.323,-14.8326,-0.0916858
24.7497,160.847,-19.4653,-0.120431
24.7748,160.353,-23.5165,-0.145616
24.7998,159.877,-26.9681,-0.167107
24.8248,159.323,-29.708,-0.184347
24.8498,158.794,-31.6894,-0.196974
24.8749,158.618,-32.7779,-0.203778
24.8999,158.765,-33.2607,-0.206509
24.9249,158.815,-32.6213,-0.202586
24.9499,158.992,-31.3568,-0.194723
24.9749,159.261,-28.8608,-0.179271
25,159.922,-25.9768,-0.161027
25.025,160.429,-22.2734,-0.137955
25.05,160.956,-17.5879,-0.108839
25.0751,161.398,-12.2794,-0.0759356
25.1001,162,-6.54316,-0.0403679
25.1251,161.262,0.0851748,0.000528177
25.1501,162.147,6.43309,0.0396537
25.1752,161.737,13.3372,0.0822759
25.2002,161.009,20.4746,0.126486
25.2252,159.938,27.5024,0.170291
25.2502,158.766,34.3058,0.212806
25.2752,157.542,40.5402,0.251865
25.3003,155.974,46.5881,0.290257
25.3253,154.452,51.6392,0.322654
25.3503,152.938,56.615,0.354541
25.3754,151.514,60.5998,0.380473
25.4004,150.198,63.7005,0.401117
25.4254,149.205,65.8301,0.415516
25.4504,148.728,67.5558,0.426361
25.4755,148.68,67.8153,0.427929
25.5005,148.807,67.6852,0.426881
25.5255,149.072,66.6186,0.420263
25.5505,149.926,64.5713,0.406679
25.5755,151.073,61.6982,0.387727
25.6006,152.488,58.1011,0.364037
25.6256,153.821,53.6824,0.335777
25.6506,155.215,48.8412,0.304858
25.6757,156.722,43.4862,0.270664
25.7007,158.078,37.7347,0.234324
25.7257,159.249,31.7792,0.196969
25.7507,160.372,25.654,0.158621
25.7758,161.083,19.6808,0.121575
25.8008,161.501,13.8039,0.0852653
25.8258,161.873,8.4804,0.0523414
25.8508,161.965,3.36131,0.0207504
25.8758,162.247,-1.10811,-0.00682967
25.9009,162.034,-5.43885,-0.0335534
25.9259,161.917,-8.92598,-0.0550712
25.9509,161.835,-12.1197,-0.0747497
25.976,161.519,-14.5589,-0.0898944
26.001,161.095,-16.5676,-0.102484
26.026,161.042,-18.2435,-0.112803
26.051,160.932,-19.1659,-0.118535
26.0761,160.951,-19.5594,-0.120931
26.1011,160.951,-19.604,-0.121204
26.1261,161.049,-19.4398,-0.120126
26.1511,161.083,-18.4206,-0.11386
26.1761,161.11,-17.263,-0.106743
26.2012,161.204,-15.5604,-0.0962286
26.2262,161.296,-13.6123,-0.0841938
26.2512,161.473,-11.3539,-0.0701992
26.2763,161.546,-8.88764,-0.0549608
26.3013,161.783,-6.29735,-0.0389051
26.3263,161.529,-2.91079,-0.0180183
26.3513,162.017,0.894271,0.00551957
26.3764,161.737,2.09849,0.012974
26.4014,161.858,4.85224,0.0299694
26.4264,161.722,7.53555,0.0465621
26.4514,161.611,10.2618,0.063412
26.4764,161.622,12.9116,0.0797186
26.5015,161.308,15.6005,0.096412
26.5265,161.122,18.5907,0.114875
26.5515,160.784,21.5219,0.133065
26.5766,160.451,24.4836,0.151425
26.6016,159.903,27.8004,0.172137
26.6266,159.398,31.0202,0.192206
26.6516,158.696,34.4607,0.213829
26.6767,157.991,37.5742,0.233487
26.7017,157.248,40.7704,0.253689
26.7267,156.624,43.7691,0.272502
26.7517,155.842,46.6167,0.290657
26.7767,155.201,48.7758,0.304501
26.8018,154.628,50.7365,0.31705
26.8268,154.169,52.4775,0.328087
26.8518,153.731,53.5549,0.33522
26.8769,153.71,54.0969,0.338404
26.9019,153.714,54.0053,0.337864
26.9269,153.81,53.6613,0.335677
26.9519,154.058,52.6646,0.329396
26.977,154.611,51.004,0.318645
27.002,155.184,48.9661,0.305649
27.027,155.829,46.5901,0.290522
27.052,156.727,43.6185,0.271441
27.077,157.571,40.3329,0.250587
27.1021,158.55,36.4872,0.226191
27.1271,159.427,32.2349,0.199502
27.1521,160.235,27.5513,0.170278
27.1772,160.705,22.52,0.139226
27.2022,161.325,17.1269,0.105768
27.2272,161.749,11.5429,0.0712422
27.2522,162.152,5.61538,0.0346165
27.2773,161.126,-0.433469,-0.00269025
27.3023,162.085,-5.70221,-0.0351658
27.3273,161.959,-11.2312,-0.0692348
27.3523,161.166,-16.34,-0.101041
27.3773,160.888,-20.9772,-0.129652
27.4024,160.075,-25.1506,-0.155844
27.4274,159.87,-28.433,-0.176011
27.4524,159.144,-31.0789,-0.192861
27.4775,158.91,-33.105,-0.205387
27.5025,158.758,-33.9658,-0.210769
27.5275,158.788,-34.1998,-0.21214
27.5525,158.903,-33.3609,-0.206938
27.5775,159.123,-31.5027,-0.195451
27.6026,159.703,-29.0956,-0.180209
27.6276,160.058,-25.5781,-0.158465
27.6526,160.995,-21.4395,-0.13239
27.6776,161.141,-16.6388,-0.102891
27.7027,161.963,-11.3234,-0.0697997
27.7277,162.205,-5.48294,-0.0337897
27.7527,162.299,0.832438,0.00512898
27.7778,162.262,7.26389,0.0447366
27.8028,161.627,13.9826,0.0862968
27.8278,161.068,20.6065,0.127245
27.8528,160.302,26.9861,0.166781
27.8778,159.045,33.105,0.205219
27.9029,157.806,38.9907,0.242229
27.9279,156.582,44.2663,0.275514
27.9529,155.129,48.9803,0.305834
27.9779,153.913,53.1121,0.332283
28.003,152.891,56.6131,0.354628
28.028,151.848,59.2083,0.371787
28.053,151.058,61.1031,0.384381
28.078,150.802,62.453,0.392635
28.1031,150.758,62.7543,0.394443
28.1281,150.866,62.5429,0.392994
28.1531,151.065,61.2306,0.385089
28.1782,151.827,59.6303,0.374242
28.2032,152.861,56.7929,0.355728
28.2282,153.883,53.7297,0.335925
28.2532,154.962,49.8835,0.311433
28.2782,156.2,45.6212,0.284166
28.3033,157.349,40.9017,0.254314
28.3283,158.431,35.9084,0.222886
28.3533,159.521,30.7275,0.190293
28.3783,160.401,25.7101,0.158934
28.4034,161.158,20.554,0.126855
28.4284,161.463,15.7719,0.0973726
28.4534,161.829,10.9798,0.0677441
28.4785,162.107,6.636,0.0409131
28.5035,162.281,2.73301,0.0168397
28.5285,161.678,-0.610678,-0.0037771
28.5535,161.225,-1.86888,-0.0115912
28.5785,162.078,-6.21244,-0.0383112
28.6036,162.07,-8.53709,-0.0526267
28.6286,162.057,-10.4208,-0.064215
28.6536,161.919,-12.1563,-0.0749359
28.6786,162.006,-13.4352,-0.0827405
28.7037,161.903,-14.3384,-0.0883309
28.7287,161.987,-14.7322,-0.0906973
28.7537,161.903,-15.1546,-0.0933313
28.7788,162.059,-15.311,-0.0941984
28.8038,162.081,-14.8008,-0.0910646
28.8288,162.131,-14.2292,-0.0875394
28.8538,162.2,-13.3644,-0.0822087
28.8788,162.2,-12.0961,-0.0744378
28.9039,162.262,-10.5788,-0.0651039
28.9289,162.262,-9.16372,-0.056415
28.9539,162.304,-7.32568,-0.0451051
28.9789,162.317,-5.4174,-0.033363
29.004,162.24,-1.85807,-0.0114522
29.029,160.327,-1.32659,-0.00827408
29.054,162.314,1.46236,0.00900918
29.0791,162.298,3.97547,0.0244899
29.1041,162.342,6.56039,0.0403888
29.1291,162.388,9.5511,0.0587488
29.1541,162.162,12.6144,0.0776324
29.1791,161.717,15.9263,0.0981655
29.2042,161.358,19.5307,0.120454
29.2292,161.015,23.2849,0.143618
29.2542,160.423,27.2921,0.168513
29.2792,159.595,31.3343,0.193871
29.3043,158.698,35.2409,0.218517
29.3293,157.749,39.3875,0.244681
29.3543,156.947,42.9432,0.267079
29.3794,155.926,46.3734,0.289075
29.4044,155.153,49.423,0.30838
29.4294,154.501,51.8277,0.323657
29.4544,153.775,53.8847,0.337042
29.4794,153.341,55.5409,0.347506
29.5045,152.908,56.5271,0.354099
29.5295,152.911,56.7465,0.355354
29.5545,152.924,56.5797,0.354366
29.5795,153.071,55.648,0.348689
29.6046,153.687,54.0202,0.338006
29.6296,154.355,51.9892,0.324881
29.6546,155.082,49.0707,0.30645
29.6797,156.079,45.8369,0.285646
29.7047,157.001,41.7793,0.26008
29.7297,158.02,37.5587,0.233354
29.7547,158.933,32.703,0.202933
29.7797,159.838,27.5777,0.170853
29.8048,160.641,21.8422,0.135141
29.8298,160.941,16.4045,0.101578
29.8548,161.673,10.1606,0.062764
29.8798,161.719,4.314,0.0266695
29.9049,162.752,-0.613089,-0.003767
29.9299,161.664,-7.36155,-0.0455047
29.9549,161.396,-12.5876,-0.0778342
29.98,160.799,-17.4474,-0.108082
30.005,160.368,-21.9417,-0.135977
30.03,159.809,-25.7889,-0.159994
30.055,159.38,-28.5793,-0.17743
30.08,159.056,-30.5961,-0.190038
30.1051,158.665,-32.2514,-0.200535
30.1301,158.672,-32.5525,-0.202348
30.1551,158.841,-32.3443,-0.20088
30.1802,158.967,-31.071,-0.193023
30.2052,159.36,-29.1025,-0.180631
30.2302,159.611,-26.2198,-0.162819
30.2552,160.349,-22.5749,-0.139867
30.2802,160.583,-18.3138,-0.113555
30.3053,161.311,-13.4387,-0.0831169
30.3303,161.485,-8.14953,-0.0504234
30.3553,162.49,-1.86055,-0.0114498
30.3803,161.744,3.61496,0.0223461
30.4054,161.653,9.60194,0.0593288
30.4304,161.336,15.5869,0.0963122
30.4554,160.67,21.6757,0.134099
30.4805,159.853,27.6116,0.171044
30.5055,158.957,32.8536,0.203813
30.5305,157.849,37.7666,0.234843
30.5555,156.826,42.5013,0.264651
30.5805,155.747,46.6444,0.290988
30.6056,154.872,50.0218,0.31241
30.6306,153.942,52.9125,0.331066
30.6556,153.123,54.9308,0.344435
30.6806,152.814,56.6387,0.354941
30.7057,152.445,57.6554,0.361576
30.7307,152.162,57.784,0.362931
30.7557,152.238,57.608,0.361754
30.7808,152.432,56.6591,0.355874
30.8058,153.087,54.7982,0.343744
30.8308,153.821,52.7855,0.330571
30.8558,154.744,49.8966,0.31192
30.8808,155.718,46.7132,0.291444
30.9059,156.728,42.9775,0.267638
30.9309,157.754,38.8932,0.241723
30.9559,158.581,34.8055,0.216054
30.9809,159.487,30.6448,0.189832
31.006,160.11,26.5979,0.164619
31.031,160.527,22.3967,0.138626
31.056,161.145,18.5704,0.114734
31.0811,161.407,14.7018,0.090835
31.1061,161.676,10.8967,0.0672968
31.1311,161.733,7.78598,0.0481037
31.1561,161.948,4.70243,0.0290287
31.1811,161.815,1.94032,0.0119904
31.2062,161.21,-0.87221,-0.00541033
31.2312,161.97,-3.8555,-0.0237993
31.2562,161.76,-4.88514,-0.0301907
31.2812,161.647,-6.47298,-0.0400225
31.3063,161.503,-8.32367,-0.0514931
31.3313,161.501,-9.84834,-0.0609045
31.3563,161.403,-11.0302,-0.0682338
31.3814,161.367,-12.2676,-0.0758771
31.4064,161.318,-12.8301,-0.0793659
31.4314,161.31,-13.1888,-0.0815791
31.4564,161.292,-13.387,-0.0828084
31.4814,161.304,-13.3847,-0.0827883
31.5065,161.306,-13.0729,-0.0808672
31.5315,161.339,-12.347,-0.0763791
31.5565,161.378,-11.4059,-0.0705605
31.5816,161.406,-10.2567,-0.0634607
31.6066,161.535,-8.66897,-0.0536148
31.6316,161.534,-7.1457,-0.0442078
31.6566,161.59,-5.09879,-0.0315435
31.6817,162.24,-1.85807,-0.0114522
31.7067,161.514,-0.286961,-0.00177669
31.7317,161.629,2.69592,0.0166781
31.7567,161.604,5.73755,0.0354888
31.7817,161.632,9.45928,0.0584568
31.8068,161.412,13.1358,0.0812018
31.8318,160.975,17.6468,0.109188
31.8568,160.521,21.6786,0.13424
31.8819,160.007,26.2198,0.162423
31.9069,159.001,30.7901,0.191279
31.9319,158.006,35.4171,0.220507
31.9569,157.115,39.7033,0.247521
31.982,156.032,43.8196,0.273785
32.007,155.04,47.5618,0.297657
32.032,154.098,50.7814,0.318332
32.057,153.133,53.7322,0.337465
32.0821,152.269,55.8569,0.351588
32.1071,152.015,57.5006,0.361623
32.1321,151.405,58.6274,0.369443
32.1571,151.21,58.819,0.370978
32.1822,151.243,58.6201,0.369762
32.2072,151.994,57.1672,0.359747
32.2322,152.218,55.7371,0.351005
32.2572,153.093,53.427,0.33577
32.2822,154.064,50.3217,0.315706
32.3073,155.071,46.6073,0.291966
32.3323,156.19,42.395,0.265046
32.3573,157.25,37.5871,0.234625
32.3824,158.16,32.487,0.202589
32.4074,158.99,26.8,0.166994
32.4324,159.767,20.7599,0.129215
32.4574,160.432,14.705,0.0914032
32.4825,160.646,8.72826,0.054279
32.5075,160.687,2.72379,0.0169493
32.5325,160.345,-1.77699,-0.0110819
32.5575,160.5,-8.30981,-0.0517284
32.5825,160.323,-13.3719,-0.0832133
32.6076,159.561,-17.8206,-0.111224
32.6326,159.257,-21.5895,-0.134743
32.6576,158.577,-24.8874,-0.155672
32.6827,158.226,-27.2763,-0.17071
32.7077,158.149,-28.9254,-0.1809
32.7327,158.086,-29.855,-0.186654
32.7577,158.094,-29.7091,-0.185754
32.7828,158.167,-28.8051,-0.180144
32.8078,158.225,-27.3467,-0.171144
32.8328,158.378,-24.894,-0.155906
32.8578,159.182,-21.7371,-0.135715
32.8828,159.319,-18.0787,-0.112992
32.9079,160.172,-13.8699,-0.0863779
32.9329,160.389,-9.34818,-0.0582186
32.9579,160.508,-4.08433,-0.0254408
32.983,160.52,1.19354,0.00743529
33.008,160.558,6.54332,0.0407311
33.033,160.566,12.1679,0.0756365
33.058,159.728,17.5194,0.109246
33.0831,159.546,22.5906,0.140658
33.1081,158.757,27.6183,0.172242
33.1331,157.851,32.356,0.202177
33.1581,156.937,36.555,0.228848
33.1831,155.996,40.5062,0.254052
33.2082,155.239,43.8254,0.275148
33.2332,154.71,46.6853,0.29307
33.2582,153.947,49.0977,0.308728
33.2833,153.186,50.7883,0.320141
33.3083,152.95,52.4156,0.330155
33.3333,152.798,53.0543,0.334196
33.3583,152.658,53.2974,0.335899
33.3834,152.835,53.3192,0.335665
33.4084,152.993,52.5945,0.331115
33.4334,153.125,51.3796,0.323736
33.4584,153.892,49.6522,0.3121
33.4834,154.186,47.6381,0.299661
33.5085,154.992,44.9784,0.28244
33.5335,155.829,42.0488,0.263562
33.5585,156.656,38.9464,0.243671
33.5836,156.993,35.6856,0.223509
33.6086,157.818,32.3564,0.202221
33.6336,158.627,28.8989,0.180205
33.6586,158.866,25.5429,0.159418
33.6837,159.391,22.1844,0.138294
33.7087,159.684,19.2055,0.119697
33.7337,159.807,16.2935,0.101606
33.7587,160.345,13.2343,0.0823497
33.7837,160.545,10.4958,0.0652832
33.8088,160.61,7.82489,0.0486814
33.8338,160.607,5.25108,0.0326836
33.8588,160.563,2.72212,0.016952
33.8839,159.686,0.36814,0.00230539
33.9089,161.477,-3.10058,-0.019199
33.9339,160.449,-3.99277,-0.0248798
33.9589,160.381,-6.38078,-0.0397642
33.984,160.375,-8.30267,-0.0517241
34.009,160.332,-10.0544,-0.062628
34.034,160.325,-11.5668,-0.072021
34.059,160.247,-12.6609,-0.0788451
34.084,160.227,-13.6488,-0.0849787
34.1091,160.203,-14.1208,-0.0879161
34.1341,160.252,-14.3288,-0.0891769
34.1591,160.267,-14.3241,-0.0891394
34.1842,160.312,-13.8425,-0.0861339
34.2092,160.346,-12.5893,-0.0783525
34.2342,160.395,-11.413,-0.0710354
34.2592,160.46,-9.64019,-0.0600063
34.2843,160.502,-7.69063,-0.0478796
34.3093,160.526,-5.23616,-0.0326071
34.3343,160.987,-2.09567,-0.0130169
34.3593,160.592,0.810741,0.0050484
34.3843,160.573,4.55676,0.0283705
34.4094,160.55,8.54835,0.0531941
34.4344,160.551,12.7568,0.0792898
34.4594,159.783,17.5452,0.109368
34.4845,159.3,22.2887,0.139014
34.5095,158.769,27.3563,0.170627
34.5345,157.891,32.1778,0.201044
34.5595,156.927,36.9499,0.231247
34.5846,155.872,41.5347,0.260415
34.6096,154.927,45.7494,0.287136
34.6346,153.89,49.5898,0.311735
34.6596,152.944,52.898,0.332986
34.6846,151.972,55.645,0.350991
34.7097,151.175,57.7774,0.365058
34.7347,150.962,59.0889,0.373085
34.7597,150.414,59.8125,0.37848
34.7848,150.261,59.795,0.378731
34.8098,150.656,58.9127,0.37276
34.8348,151.105,57.6055,0.364221
34.8598,151.973,55.4336,0.349762
34.8849,152.978,52.6105,0.331239
34.9099,154.026,49.0393,0.308234
34.9349,155.051,44.7881,0.281206
34.9599,156.006,40.3981,0.253387
34.9849,157.124,35.4132,0.22168
35.01,157.959,29.834,0.186673
35.035,158.83,24.0097,0.15003
35.06,159.607,18.2753,0.114005
35.0851,159.863,12.4825,0.0779242
35.1101,160.448,6.50281,0.040507
35.1351,160.445,0.844417,0.00526292
35.1601,160.382,-4.48214,-0.0279394
35.1852,160.333,-9.38535,-0.0584698
35.2102,160.152,-14.0069,-0.0872382
35.2352,159.416,-17.5763,-0.109811
35.2602,159.245,-21.016,-0.131215
35.2852,159.061,-23.6483,-0.147593
35.3103,158.395,-25.3775,-0.158867
35.3353,158.284,-26.3993,-0.165263
35.3603,158.219,-26.6773,-0.167039
35.3854,158.212,-26.3724,-0.165172
35.4104,158.282,-25.268,-0.158303
35.4354,158.451,-23.5143,-0.147326
35.4604,159.134,-21.0507,-0.131519
35.4855,159.29,-18.0912,-0.113089
35.5105,159.543,-14.444,-0.0902869
35.5355,160.162,-10.4494,-0.0651503
35.5605,160.381,-6.26889,-0.0390676
35.5855,161.237,-2.09815,-0.0130121
35.6106,160.505,3.07988,0.0191864
35.6356,160.537,7.70395,0.0479517
35.6606,160.373,12.3212,0.0766777
35.6857,159.76,17.4438,0.108757
35.7107,159.519,21.6245,0.134739
35.7357,158.873,25.782,0.160878
35.7607,158.118,29.6488,0.185359
35.7858,157.643,33.3843,0.208689
35.8108,156.861,36.5177,0.228729
35.8358,156.089,39.5551,0.248189
35.8608,155.74,41.7778,0.262084
35.8858,155.074,44.03,0.276647
35.9109,154.793,45.6492,0.286775
35.9359,154.184,47.3605,0.298022
35.9609,153.998,47.958,0.3019
35.986,153.902,48.4457,0.304963
36.011,153.9,48.6386,0.306106
36.036,153.928,48.5458,0.305506
36.061,153.979,47.6696,0.300226
36.0861,154.188,46.6807,0.29398
36.1111,154.89,44.9505,0.28245
36.1361,155.008,43.4278,0.273161
36.1611,155.843,41.0339,0.257459
36.1861,156.07,38.8841,0.244175
36.2112,156.842,36.0091,0.225678
36.2362,157.069,33.5897,0.21068
36.2612,157.726,30.6415,0.191881
36.2863,158.533,27.7902,0.173533
36.3113,158.795,24.979,0.156025
36.3363,158.803,22.2504,0.139207
36.3613,159.448,19.3862,0.12099
36.3864,159.617,16.6952,0.104217
36.4114,159.849,13.7929,0.0860735
36.4364,160.271,10.634,0.0662527
36.4614,160.488,7.76319,0.0483348
36.4864,160.545,4.90992,0.0305733
36.5115,160.544,2.02634,0.012621
36.5365,161.497,-1.10068,-0.00681535
36.5615,162.472,-3.61046,-0.0222184
36.5866,160.398,-6.35651,-0.0396089
36.6116,160.333,-8.72353,-0.0543553
36.6366,160.351,-11.1045,-0.0691407
36.6616,160.274,-13.3221,-0.0829302
36.6867,160.238,-15.0319,-0.0935357
36.7117,160.04,-16.4305,-0.102306
36.7367,160.022,-17.4106,-0.108375
36.7617,159.646,-17.4713,-0.109004
36.7867,159.483,-17.4659,-0.109081
36.8118,159.621,-17.1846,-0.107246
36.8368,159.683,-16.1767,-0.100961
36.8618,160.024,-15.2947,-0.095288
36.8869,160.231,-13.3813,-0.0833192
36.9119,160.401,-10.9969,-0.0684516
36.9369,160.448,-8.15901,-0.0508078
36.9619,160.299,-3.86033,-0.0240773
36.987,160.407,-0.838011,-0.00522424
37.012,160.561,3.50063,0.0217992
37.037,160.587,7.79725,0.0485165
37.062,160.381,12.5402,0.0780314
37.087,159.821,17.8998,0.111535
37.1121,159.222,22.6078,0.141047
37.1371,158.654,27.6821,0.172742
37.1621,157.789,32.8357,0.20517
37.1872,156.768,37.6498,0.2357
37.2122,155.631,42.2311,0.264972
37.2372,154.564,46.3672,0.291446
37.2622,153.895,50.0023,0.314151
37.2873,152.821,53.2808,0.33547
37.3123,152.016,55.6983,0.351207
37.3373,151.221,57.6961,0.364488
37.3623,150.951,58.5955,0.370272
37.3873,150.973,58.7442,0.371078
37.4124,150.991,58.5139,0.369711
37.4374,151.314,57.6368,0.36394
37.4624,151.986,55.5521,0.350424
37.4875,152.991,52.8024,0.332333
37.5125,153.925,49.6684,0.312131
37.5375,154.971,45.7248,0.286913
37.5625,155.969,41.5455,0.260326
37.5876,157.155,36.8517,0.230331
37.6126,157.951,31.5862,0.197371
37.6376,158.89,25.8457,0.161252
37.6626,159.662,20.5041,0.127723
37.6876,160.145,14.7303,0.091723
37.7127,160.638,9.37979,0.0583247
37.7377,160.606,4.32262,0.0269079
37.7627,160.187,-1.36584,-0.00852632
37.7878,160.519,-5.62139,-0.0350057
37.8128,160.467,-10.0035,-0.0622594
37.8378,160.345,-13.9592,-0.0868383
37.8628,160.07,-17.243,-0.107308
37.8879,159.491,-19.3395,-0.120668
37.9129,159.265,-21.4396,-0.133811
37.9379,159.216,-22.6273,-0.141171
37.9629,159.199,-23.3614,-0.145704
37.9879,159.2,-23.3465,-0.145611
38.013,159.216,-22.4954,-0.14036
38.038,159.274,-21.2841,-0.132845
38.063,159.355,-19.3415,-0.120783
38.0881,159.882,-17.2741,-0.107625
38.1131,160.269,-14.3212,-0.0891207
38.1381,160.377,-11.2659,-0.0701312
38.1631,160.454,-7.43491,-0.0463036
38.1882,162.23,-2.85802,-0.0176153
38.2132,160.516,0.263283,0.00164023
38.2382,160.554,4.52954,0.0282043
38.2632,160.548,8.3772,0.0521316
38.2882,160.562,12.0626,0.0749863
38.3133,159.762,16.2745,0.101517
38.3383,159.679,19.7101,0.122815
38.3633,158.895,23.5045,0.146859
38.3884,158.702,26.5616,0.165831
38.4134,158.031,29.7032,0.18579
38.4384,157.749,32.5355,0.203397
38.4634,156.897,35.217,0.2208
38.4885,156.777,37.531,0.234968
38.5135,155.952,39.6574,0.249015
38.5385,155.785,41.4359,0.259962
38.5635,155.144,43.2111,0.271638
38.5885,154.907,44.4564,0.279478
38.6136,154.841,45.1655,0.283815
38.6386,154.809,45.6725,0.286885
38.6636,154.818,45.821,0.287752
38.6887,154.852,45.7216,0.287103
38.7137,154.928,45.2484,0.284157
38.7387,154.982,44.332,0.278607
38.7637,155.131,43.4898,0.273326
38.7888,155.754,41.7685,0.262005
38.8138,155.964,40.185,0.25217
38.8388,156.704,38.4,0.240313
38.8638,156.938,36.1866,0.226619
38.8888,157.607,34.0906,0.213019
38.9139,157.843,31.4777,0.196842
38.9389,158.537,28.6263,0.178641
38.9639,158.825,26.1442,0.163147
38.989,159.104,23.3089,0.145466
39.014,159.623,20.4529,0.127438
39.039,159.669,17.5061,0.109204
39.064,160.223,14.178,0.0882596
39.0891,160.498,10.9263,0.0679727
39.1141,160.587,7.49908,0.046664
39.1391,160.56,4.29618,0.026751
39.1641,160.067,0.114665,0.000716356
39.1891,160.264,-1.39227,-0.00868713
39.2142,160.486,-5.59639,-0.0348574
39.2392,160.394,-8.57801,-0.0534299
39.2642,160.329,-11.2804,-0.0702418
39.2892,160.239,-13.5786,-0.0845375
39.3143,159.913,-15.5709,-0.0970653
39.3393,159.688,-17.1814,-0.107181
39.3643,159.451,-18.212,-0.113724
39.3894,159.349,-18.5325,-0.115781
39.4144,159.328,-18.5149,-0.115688
39.4394,159.327,-18.0275,-0.112669
39.4644,159.4,-16.6609,-0.104144
39.4894,159.475,-15.1805,-0.0949042
39.5145,160.003,-12.75,-0.0795181
39.5395,160.337,-9.74265,-0.0606889
39.5645,160.415,-6.45412,-0.0402122
39.5896,161.977,-3.10553,-0.0191703
39.6146,160.527,1.58404,0.00986748
39.6396,160.547,6.27631,0.0390734
39.6646,160.539,11.2355,0.069872
39.6897,159.997,16.3056,0.101561
39.7147,159.551,21.558,0.134303
39.7397,158.738,26.7323,0.166839
39.7647,157.816,31.8143,0.198926
39.7897,156.836,36.663,0.229642
39.8148,155.886,41.4051,0.259616
39.8398,154.884,45.6652,0.28671
39.8648,153.943,49.4462,0.310789
39.8898,152.964,52.6022,0.331218
39.9149,152.074,55.1584,0.347951
39.9399,151.344,56.9277,0.359775
39.9649,151.031,58.0954,0.367212
39.99,150.903,58.4873,0.369757
40.015,151.005,58.4663,0.369408
40.04,151.095,57.6059,0.364245
40.065,151.925,55.7384,0.351633
40.09,152.67,53.5038,0.337079
40.1151,153.511,50.495,0.317786
40.1401,154.853,47.3451,0.296716
40.1651,155.883,43.1632,0.270128
40.1902,156.853,38.7378,0.242123
40.2152,157.844,33.9813,0.212047
40.2402,158.768,28.9244,0.180203
40.2652,159.591,23.5087,0.146255
40.2903,159.917,18.5776,0.115652
40.3153,160.585,13.361,0.083011
40.3403,160.668,8.50143,0.0528636
40.3653,160.716,3.69075,0.0229603
40.3903,161.987,-2.10558,-0.0129977
40.4154,161.987,-2.10558,-0.0129977
40.4404,160.461,-8.01988,-0.0499388
40.4654,160.362,-11.2573,-0.0700847
40.4905,160.279,-13.7931,-0.0858456
40.5155,160.092,-15.6046,-0.0971654
40.5405,159.904,-17.0922,-0.106486
40.5655,159.904,-17.8928,-0.111434
40.5906,160.095,-18.022,-0.112098
40.6156,160.201,-17.8895,-0.111208
40.6406,160.264,-17.1765,-0.106768
40.6656,160.327,-15.754,-0.0979475
40.6906,160.397,-14.2139,-0.0883861
40.7157,160.601,-12.1193,-0.0753193
40.7407,160.671,-9.582,-0.0595669
40.7657,160.852,-6.97535,-0.0433379
40.7908,160.744,-3.76925,-0.0234445
40.8158,161.987,-2.10558,-0.0129977
40.8408,160.708,2.40604,0.0149704
40.8658,160.63,5.57808,0.0347122
40.8909,160.608,8.72919,0.0542974
40.9159,160.555,11.9888,0.0745327
40.9409,160.469,14.9925,0.093159
40.9659,159.893,18.3668,0.114368
40.9909,159.67,21.3252,0.132772
41.016,159.43,23.9737,0.149253
41.041,158.945,26.8259,0.167199
41.066,158.514,29.1499,0.181863
41.0911,158.038,31.9491,0.199472
41.1161,157.677,34.2213,0.213719
41.1411,157.107,36.5146,0.228364
41.1661,156.776,38.633,0.241608
41.1912,156.16,40.5441,0.254022
41.2162,155.904,42.0169,0.26325
41.2412,155.611,43.2239,0.270938
41.2662,155.22,44.3982,0.278596
41.2912,155.046,44.9239,0.282023
41.3163,154.969,45.2493,0.284092
41.3413,154.939,45.4301,0.28522
41.3663,154.973,44.872,0.281839
41.3914,155.069,44.4292,0.279038
41.4164,155.252,43.4211,0.272713
41.4414,155.723,41.8477,0.262529
41.4664,155.958,40.3513,0.253181
41.4915,156.628,38.4885,0.240957
41.5165,156.923,36.3463,0.227605
41.5415,157.54,33.9619,0.212328
41.5665,157.889,31.156,0.194826
41.5915,158.645,28.3105,0.176592
41.6166,158.883,25.1985,0.157288
41.6416,159.458,22.0444,0.137375
41.6666,159.696,18.4885,0.11526
41.6917,159.914,14.6903,0.0916067
41.7167,160.477,10.8854,0.067728
41.7417,160.538,7.02612,0.0437381
41.7667,160.533,3.21758,0.0200404
41.7918,161.242,-1.59817,-0.00991131
41.8168,160.452,-4.18463,-0.0260742
41.8418,160.385,-7.49599,-0.0467034
41.8668,160.332,-10.6645,-0.0664173
41.8918,160.214,-13.5897,-0.0846195
41.9169,159.818,-15.8581,-0.098902
41.9419,159.609,-17.5511,-0.109523
41.9669,159.36,-18.8168,-0.117533
41.992,159.287,-19.4758,-0.121665
42.017,159.285,-19.6053,-0.122467
42.042,159.273,-19.3938,-0.121168
42.067,159.305,-18.3753,-0.114839
42.0921,159.399,-16.6563,-0.104116
42.1171,159.692,-14.4138,-0.0900161
42.1421,160.117,-11.5671,-0.0721161
42.1671,160.347,-8.32973,-0.0519016
42.1921,160.433,-4.42764,-0.027591
42.2172,162.502,-0.610611,-0.00375754
42.2422,160.584,4.36585,0.0271805
42.2672,160.544,9.35799,0.0582233
42.2923,160.272,14.2377,0.0886018
42.3173,159.676,19.5891,0.12207
42.3423,158.927,24.609,0.153625
42.3673,158.377,29.6127,0.184843
42.3924,157.647,34.451,0.21515
42.4174,156.826,39.1343,0.244545
42.4424,155.813,43.4061,0.27169
42.4674,154.895,47.0084,0.294652
42.4924,153.953,49.9706,0.313856
42.5175,153.072,52.5811,0.330878
42.5425,152.616,54.5093,0.343044
42.5675,152.094,55.7608,0.351405
42.5926,152.009,56.4734,0.35571
42.6176,152.028,56.5448,0.356082
42.6426,152.091,55.6965,0.351038
42.6676,152.735,54.4634,0.342531
42.6927,153.411,52.6074,0.330351
42.7177,154.017,49.8533,0.313044
42.7427,154.931,46.6764,0.292624
42.7677,155.881,43.145,0.270023
42.7927,156.874,39.3556,0.2458
42.8178,157.786,35.0969,0.218871
42.8428,158.602,30.4411,0.189628
42.8678,159.617,25.6884,0.15957
42.8929,159.897,21.2895,0.132366
42.9179,160.54,16.5346,0.102632
42.9429,160.708,12.2725,0.0762171
42.9679,161.329,7.83115,0.0485034
42.993,161.459,3.62594,0.0224535
43.018,160.65,-0.18159,-0.00113034
43.043,160.709,-2.62342,-0.0163226
43.068,161.245,-5.97982,-0.0370683
43.093,161.345,-8.58848,-0.0531802
43.1181,161.273,-10.5821,-0.0655221
43.1431,161.312,-12.1676,-0.0752862
43.1681,161.199,-13.2816,-0.0822071
43.1932,161.123,-13.8511,-0.0857547
43.2182,161.198,-14.1034,-0.0872691
43.2432,161.213,-14.1231,-0.0873822
43.2682,161.254,-13.4043,-0.0829349
43.2933,161.322,-12.3483,-0.0763959
43.3183,161.399,-11.0368,-0.0682755
43.3433,161.428,-9.47831,-0.0586481
43.3683,161.495,-7.44937,-0.0460948
43.3933,161.518,-5.42482,-0.0335739
43.4184,162.475,-3.36048,-0.0206801
43.4434,163.247,-1.11802,-0.00684853
43.4684,161.628,2.30483,0.0142591
43.4935,161.664,4.8013,0.0296905
43.5185,161.607,7.54465,0.0466513
43.5435,161.606,10.3876,0.0641894
43.5685,161.474,12.9262,0.0798808
43.5936,161.265,15.6486,0.0967333
43.6186,160.872,18.6386,0.115345
43.6436,160.725,21.3184,0.131869
43.6686,160.273,23.9456,0.148308
43.6936,160.093,26.6799,0.165135
43.7187,159.461,29.2745,0.181563
43.7437,159.102,31.9656,0.198273
43.7687,158.536,34.473,0.214112
43.7938,158.198,36.7064,0.227994
43.8188,157.598,38.9465,0.242271
43.8438,157.193,40.7693,0.253767
43.8688,156.775,42.588,0.26525
43.8939,156.547,43.9867,0.273917
43.9189,156.175,44.7942,0.279322
43.9439,156.041,45.4829,0.283623
43.9689,155.917,45.8479,0.285993
43.9939,155.927,45.7455,0.28537
44.019,156.039,45.2839,0.28245
44.044,156.212,44.4572,0.277265
44.069,156.535,43.3395,0.270102
44.0941,156.963,41.667,0.259473
44.1191,157.398,39.617,0.246577
44.1441,157.939,37.4788,0.232991
44.1691,158.699,34.6175,0.21477
44.1942,159.066,31.6621,0.196482
44.2192,159.737,28.4987,0.176554
44.2442,160.191,24.806,0.153633
44.2692,160.72,21.1311,0.130727
44.2942,160.86,17.4537,0.10808
44.3193,161.406,13.3355,0.0824336
44.3443,161.62,9.24095,0.057115
44.3693,161.712,5.25304,0.0324724
44.3944,161.6,1.27995,0.00792034
44.4194,161.075,-1.31545,-0.00816647
44.4444,161.701,-6.4301,-0.0397445
44.4694,161.549,-10.0741,-0.0622786
44.4945,161.352,-13.1002,-0.0810122
44.5195,161.009,-15.7353,-0.0974199
44.5445,160.793,-17.7546,-0.109974
44.5695,160.853,-19.384,-0.119929
44.5945,160.842,-20.3261,-0.125706
44.6196,160.838,-20.5547,-0.127108
44.6446,160.978,-20.4113,-0.126123
44.6696,161.04,-19.3727,-0.119723
44.6947,161.05,-17.7062,-0.109502
44.7197,161.207,-15.4759,-0.0957067
44.7447,161.329,-12.6464,-0.0782286
44.7697,161.746,-9.39285,-0.0580065
44.7948,161.847,-5.64076,-0.0348383
44.8198,162.485,-2.36053,-0.0145267
44.8448,161.917,2.85024,0.0176013
44.8698,161.73,7.52395,0.0464881
44.8948,161.592,12.3954,0.076558
44.9199,160.935,17.4795,0.108188
44.9449,160.556,22.3145,0.138098
44.9699,159.831,27.2476,0.168854
44.995,159.086,31.762,0.197063
45.02,158.146,36.1704,0.224847
45.045,157.116,40.3267,0.251245
45.07,156.263,43.7595,0.273045
45.0951,155.666,46.6581,0.291212
45.1201,154.926,49.2626,0.307866
45.1451,154.233,51.3756,0.321544
45.1701,153.974,52.6143,0.329269
45.1951,153.762,53.3994,0.334255
45.2202,153.766,53.6197,0.335524
45.2452,153.83,53.2582,0.333299
45.2702,154.206,52.0607,0.325589
45.2953,154.533,50.5345,0.316053
45.3203,155.27,48.416,0.302263
45.3453,155.985,45.6824,0.284897
45.3703,156.856,42.6416,0.265437
45.3954,157.655,39.3816,0.244786
45.4204,158.501,35.5332,0.220536
45.4454,159.09,31.5644,0.195863
45.4704,159.88,27.5821,0.170836
45.4954,160.526,23.4735,0.1452
45.5205,160.838,19.5152,0.120744
45.5455,161.028,15.5094,0.0960191
45.5705,161.557,11.599,0.0716721
45.5956,161.678,7.88861,0.0487533
45.6206,161.813,4.63673,0.0286471
45.6456,161.682,1.67305,0.0103474
45.6706,162.744,-1.36305,-0.00837522
45.6957,161.353,-2.65942,-0.0164806
45.7207,161.689,-5.47453,-0.0338454
45.7457,161.593,-7.18714,-0.0444474
45.7707,161.478,-8.60237,-0.0532224
45.7957,161.425,-9.5827,-0.0592934
45.8208,161.414,-10.3372,-0.0639544
45.8458,161.389,-10.497,-0.06495
45.8708,161.385,-10.5222,-0.0651071
45.8959,161.377,-10.44,-0.0646034
45.9209,161.397,-9.61554,-0.0595068
45.9459,161.401,-8.53822,-0.0528515
45.9709,161.45,-7.4955,-0.0463928
45.996,161.496,-6.17405,-0.0382117
46.021,161.497,-4.50101,-0.0278633
46.046,162.485,-2.36053,-0.0145267
46.071,164.019,1.12444,0.00685541
46.096,161.591,1.52658,0.00944686
46.1211,161.601,3.64075,0.0225256
46.1461,161.639,5.98149,0.0369884
46.1711,161.61,8.46058,0.0523039
46.1962,161.628,11.013,0.0680326
46.2212,161.385,13.6238,0.0842181
46.2462,161.157,16.5574,0.102382
46.2712,160.904,19.4887,0.120533
46.2963,160.581,22.3869,0.13852
46.3213,160.006,25.4742,0.157883
46.3463,159.749,28.4637,0.176327
46.3713,158.997,31.4021,0.194992
46.3963,158.577,34.3305,0.213201
46.4214,158.097,36.7836,0.228596
46.4464,157.655,39.399,0.244891
46.4714,156.999,41.6259,0.259171
46.4965,156.631,43.5188,0.271008
46.5215,156.079,45.2932,0.282436
46.5465,155.864,46.5106,0.289992
46.5715,155.58,47.3948,0.295701
46.5966,155.614,47.5822,0.296743
46.6216,155.694,47.5925,0.296659
46.6466,155.711,47.2743,0.29476
46.6716,155.973,46.3524,0.288869
46.6966,156.446,44.6333,0.277911
46.7217,157.047,42.7989,0.266061
46.7467,157.467,40.4827,0.251638
46.7717,158.222,37.8897,0.235045
46.7968,158.768,34.7208,0.2153
46.8218,159.346,31.3662,0.194358
46.8468,160.062,27.7359,0.171579
46.8718,160.547,23.6382,0.146185
46.8969,160.979,19.5036,0.120569
46.9219,161.325,15.4061,0.0952086
46.9469,161.612,10.8759,0.0671952
46.9719,161.862,6.54253,0.0403984
46.9969,161.753,2.36121,0.0145966
47.022,163.487,-2.12045,-0.0129694
47.047,161.649,-5.46696,-0.0338072
47.072,161.553,-9.10394,-0.0562932
47.0971,161.399,-12.2823,-0.0759529
47.1221,161.155,-15.0325,-0.0930109
47.1471,160.954,-17.2567,-0.106807
47.1721,160.671,-18.6809,-0.115748
47.1972,160.446,-19.6367,-0.121782
47.2222,160.353,-19.9034,-0.123491
47.2472,160.341,-19.6369,-0.121862
47.2722,160.392,-18.6232,-0.115593
47.2972,160.448,-17.2709,-0.107229
47.3223,160.692,-15.1727,-0.0941418
47.3473,161.123,-12.5551,-0.0777652
47.3723,161.46,-9.46527,-0.0585561
47.3974,161.513,-5.89429,-0.0364781
47.4224,162.737,-2.11302,-0.0129835
47.4474,161.684,2.4943,0.0154258
47.4724,161.662,6.68452,0.0413252
47.4975,161.586,11.3364,0.0700427
47.5225,160.948,16.0727,0.0995326
47.5475,160.682,20.6074,0.127553
47.5725,159.933,25.1103,0.155734
47.5975,159.476,29.4667,0.182712
47.6226,158.79,33.4499,0.207619
47.6476,157.969,37.1737,0.231116
47.6726,157.087,40.5543,0.252649
47.6977,156.534,43.4833,0.270957
47.7227,156.043,45.7258,0.285052
47.7477,155.397,47.647,0.297514
47.7727,155.032,49.1547,0.307037
47.7978,154.878,49.8752,0.311543
47.8228,154.817,50.3517,0.314442
47.8478,154.836,50.4211,0.314812
47.8728,154.961,49.5629,0.309559
47.8978,155.159,48.375,0.302226
47.9229,155.871,46.6532,0.290821
47.9479,156.474,44.5625,0.277448
47.9729,156.943,42.2407,0.262916
47.998,157.661,39.3971,0.24487
48.023,158.487,36.3385,0.225388
48.048,159.131,33.0553,0.204811
48.073,159.631,29.4951,0.18271
48.0981,160.056,26.177,0.162114
48.1231,160.621,22.5353,0.139391
48.1481,160.775,19.3617,0.11985
48.1731,161.183,15.6348,0.0966979
48.1981,161.533,12.5111,0.0772978
48.2232,161.676,9.48353,0.0585905
48.2482,161.738,6.54594,0.0404504
48.2732,161.651,4.22381,0.0261232
48.2982,161.717,1.94574,0.0120312
48.3233,161.732,-2.60308,-0.0160936
48.3483,161.452,-5.60045,-0.0346741
48.3733,161.633,-4.03712,-0.0249718
48.3984,161.537,-5.54503,-0.0343132
48.4234,161.468,-6.56592,-0.0406416
48.4484,161.466,-7.50037,-0.0464183
48.4734,161.475,-8.28388,-0.0512565
48.4984,161.425,-8.46732,-0.0524058
48.5235,161.409,-8.50432,-0.0526393
48.5485,161.416,-8.46038,-0.0523656
48.5735,161.413,-7.77277,-0.0481175
48.5986,161.436,-6.90344,-0.0427367
48.6236,161.454,-5.92952,-0.0367093
48.6486,161.483,-4.51143,-0.0279303
48.6736,161.316,-2.41749,-0.0149849
48.6987,162.247,-1.10811,-0.00682967
48.7237,160.655,-0.184384,-0.0011477
48.7487,161.737,2.42299,0.0149799
48.7737,161.812,4.7429,0.0293029
48.7987,161.636,7.38323,0.0456463
48.8238,161.57,10.0787,0.062299
48.8488,161.539,12.8322,0.0792704
48.8738,161.232,15.7709,0.0975049
48.8988,160.839,19.1494,0.118501
48.9239,160.544,22.3663,0.138424
48.9489,160.039,25.5834,0.158516
48.9739,159.665,28.8417,0.178713
48.999,158.977,32.1988,0.199835
49.024,158.277,35.1832,0.218732
49.049,157.9,38.3449,0.238232
49.074,157.106,40.7492,0.253781
49.099,156.608,43.4372,0.270561
49.1241,156.145,45.3276,0.282527
49.1491,155.759,46.865,0.292264
49.1741,155.298,48.0274,0.29993
49.1992,155.074,48.5235,0.303254
49.2242,155.012,48.6656,0.304202
49.2492,155.002,48.6006,0.303841
49.2742,155.086,47.6831,0.298289
49.2993,155.7,46.4339,0.289829
49.3243,156.213,44.6079,0.278155
49.3493,156.761,42.5275,0.264911
49.3743,157.348,39.6202,0.246673
49.3993,158.019,36.5995,0.227601
49.4244,158.897,33.0071,0.204813
49.4494,159.485,29.2791,0.181563
49.4744,160.091,25.3896,0.157285
49.4994,160.761,21.0605,0.130263
49.5245,160.887,16.6971,0.103411
49.5495,161.05,12.2909,0.0761697
49.5745,161.72,7.9251,0.0489659
49.5996,161.66,3.51428,0.0217353
49.6246,162.247,-1.10811,-0.00682967
49.6496,161.678,-4.36762,-0.0270077
49.6746,161.504,-7.85112,-0.0485743
49.6996,161.385,-10.8515,-0.0671386
49.7247,161.252,-13.4692,-0.0833356
49.7497,161.005,-15.5257,-0.0961329
49.7747,160.86,-17.2836,-0.107034
49.7998,160.864,-18.2696,-0.113088
49.8248,160.896,-18.5567,-0.114827
49.8498,160.987,-18.4631,-0.114188
49.8748,161.042,-17.5025,-0.108257
49.8999,161.124,-16.1919,-0.100157
49.9249,161.269,-14.2793,-0.088313
49.9499,161.38,-11.7145,-0.0724622
49.9749,161.551,-8.75692,-0.0541522
49.9999,161.673,-5.54318,-0.0342729
50.025,162.487,-2.11054,-0.0129882
50.05,161.721,2.14422,0.013258
50.075,161.658,6.29602,0.0389268
50.1001,161.61,10.5041,0.0649055
50.1251,161.273,14.5826,0.0901766
50.1501,160.997,18.8963,0.116836
50.1751,160.496,22.6705,0.140324
50.2002,160.056,26.7488,0.165592
50.2252,159.259,30.3959,0.18859
50.2502,158.785,33.7933,0.209696
50.2752,158.124,36.6944,0.228026
50.3002,157.539,39.4629,0.245446
50.3253,157.045,41.739,0.259771
50.3503,156.594,43.6553,0.271877
50.3753,156.148,45.1864,0.281686
50.4004,155.896,46.3762,0.289143
50.4254,155.826,46.7491,0.291465
50.4504,155.831,46.7523,0.291475
50.4754,155.862,46.5337,0.290133
50.5005,156.009,45.6967,0.284939
50.5255,156.423,44.5026,0.277177
50.5505,156.754,42.9672,0.267535
50.5755,157.357,40.7585,0.25345
50.6005,157.8,38.7758,0.240953
50.6256,158.521,36.2711,0.224936
50.6506,158.815,33.6373,0.208717
50.6756,159.524,30.6417,0.18977
50.7007,159.906,27.7857,0.172045
50.7257,160.454,24.6862,0.152655
50.7507,160.678,21.6849,0.134148
50.7757,161.128,18.7149,0.115631
50.8008,161.351,15.8392,0.0978524
50.8258,161.551,12.8545,0.079402
50.8508,161.662,10.2375,0.0632424
50.8758,161.854,7.80238,0.048169
50.9008,161.854,5.45517,0.0336915
50.9259,161.785,3.15335,0.0194885
50.9509,161.741,1.35209,0.00835943
50.9759,162.732,-2.61299,-0.0160556
51.001,162.08,-5.35666,-0.0330375
51.026,161.616,-4.16398,-0.025759
51.051,161.592,-5.61399,-0.0347279
51.076,161.498,-6.6275,-0.0410147
51.1011,161.5,-7.63658,-0.0472501
51.1261,161.454,-8.3186,-0.0514776
51.1511,161.432,-8.47998,-0.0524815
51.1761,161.42,-8.53646,-0.0528344
51.2011,161.417,-8.45238,-0.0523159
51.2262,161.45,-7.80761,-0.0483217
51.2512,161.456,-6.66615,-0.0412643
51.2762,161.481,-5.68007,-0.0351602
51.3013,161.495,-4.39306,-0.0271957
51.3263,161.756,-2.20202,-0.0136124
51.3763,161.564,1.54255,0.0095473
51.4014,161.589,4.14604,0.0256522
51.4264,161.637,6.75639,0.0417753
51.4514,161.61,9.65175,0.0596515
51.4764,161.475,12.7189,0.0786049
51.5014,161.035,16.3954,0.101463
51.5265,160.709,19.76,0.122342
51.5515,160.44,23.0681,0.142802
51.5765,159.827,26.6644,0.165311
51.6016,159.079,30.2461,0.18789
51.6266,158.713,33.609,0.208677
51.6516,158.017,36.6827,0.228104
51.6766,157.161,39.7589,0.247783
51.7017,156.754,42.4614,0.264531
51.7267,156.092,44.6168,0.278413
51.7517,155.707,46.5248,0.290355
51.7767,155.184,47.8443,0.29906
51.8017,155.018,48.5751,0.303661
51.8268,154.962,48.89,0.305612
51.8518,154.98,48.7897,0.304991
51.8768,155.085,48.0916,0.300696
51.9019,155.322,46.868,0.293058
51.9269,156.005,44.9573,0.280577
51.9519,156.608,42.7961,0.266756
51.9769,157.066,40.0781,0.249837
52.002,157.856,36.8618,0.229404
52.027,158.661,33.4686,0.207897
52.052,159.059,29.7715,0.185031
52.077,159.88,25.6978,0.159369
52.102,160.437,21.5075,0.133261
52.1271,160.8,17.3712,0.107613
52.1521,161.135,12.8229,0.0794114
52.1771,161.658,8.55491,0.0528706
52.2022,161.737,4.42874,0.0273755
52.2272,161.555,0.572588,0.00354422
52.2772,161.561,-6.48408,-0.0401126
52.3023,161.5,-9.45052,-0.0584504
52.3273,161.375,-12.0789,-0.0747109
52.3523,161.278,-14.1859,-0.087733
52.3773,161.062,-15.657,-0.096907
52.4023,161.034,-16.5272,-0.102273
52.4274,160.944,-16.9078,-0.10467
52.4524,161.013,-16.6323,-0.102933
52.4774,161.135,-16.022,-0.0991064
52.5025,161.196,-14.5751,-0.0901733
52.5275,161.303,-12.8729,-0.0796369
52.5525,161.412,-10.4942,-0.0649238
52.5775,161.544,-8.04927,-0.049786
52.6026,161.618,-5.0548,-0.031266
52.6526,161.758,1.66999,0.0103236
52.6776,161.678,5.41997,0.0335107
52.7026,161.616,9.17905,0.0567345
52.7277,161.491,12.8939,0.0796739
52.7527,161.221,16.6221,0.102738
52.7777,160.823,20.3947,0.126141
52.8028,160.475,23.746,0.146908
52.8278,159.873,27.0967,0.167893
52.8528,159.351,30.2708,0.187726
52.8778,158.87,33.1803,0.205893
52.9029,158.396,35.6556,0.221412
52.9279,157.958,37.9472,0.235768
52.9529,157.655,39.6781,0.246556
52.9779,157.112,41.431,0.257834
53.0029,156.898,42.679,0.26559
53.028,156.703,43.4736,0.27062
53.053,156.691,43.7019,0.271992
53.078,156.693,43.7204,0.272099
53.1031,156.794,43.5562,0.270961
53.1281,156.862,42.9148,0.267049
53.1531,156.969,41.7366,0.259878
53.1781,157.162,40.4375,0.251837
53.2032,157.652,38.8293,0.241492
53.2282,158.246,36.8231,0.228628
53.2532,158.601,34.7241,0.215539
53.2782,158.978,32.527,0.201816
53.3032,159.29,29.8766,0.185406
53.3283,159.962,27.5282,0.170423
53.3533,160.234,24.7188,0.15306
53.3783,160.599,22.2354,0.137578
53.4034,160.85,19.6521,0.121574
53.4284,160.824,17.0931,0.105887
53.4534,161.195,14.4175,0.0892041
53.4784,161.577,11.7843,0.0728043
53.5035,161.657,9.28858,0.0573957
53.5285,161.767,6.88796,0.0425537
53.5535,161.716,4.39911,0.0271959
53.5785,161.654,2.30664,0.014268
53.6035,160.263,-0.666817,-0.00416076
53.6536,161.387,-3.267,-0.0202406
53.6786,161.742,-5.42828,-0.0335489
53.7037,161.637,-6.98571,-0.0431917
53.7287,161.52,-8.06002,-0.0498597
53.7537,161.467,-9.07279,-0.0561307
53.7787,161.458,-9.46157,-0.058534
53.8038,161.444,-9.53286,-0.058979
53.8288,161.414,-9.45977,-0.0585385
53.8538,161.417,-9.25786,-0.057291
53.8788,161.448,-8.21994,-0.0508697
53.9038,161.478,-7.02048,-0.0434491
53.9289,161.494,-5.41464,-0.0335157
53.9539,161.392,-1.91559,-0.0118686
54.004,161.686,1.28208,0.00792928
54.029,161.685,4.1719,0.0257968
54.054,161.656,7.24571,0.0447918
54.079,161.582,10.5923,0.0654598
54.1041,161.337,14.0687,0.0869809
54.1291,160.797,18.136,0.112314
54.1541,160.582,21.6815,0.134206
54.1791,159.951,25.4586,0.157841
54.2041,159.635,28.9941,0.179668
54.2292,158.886,32.5764,0.202228
54.2542,158.136,35.9448,0.223505
54.2792,157.666,38.9149,0.241983
54.3042,157.068,41.6904,0.259447
54.3293,156.263,43.9551,0.274203
54.3543,155.969,45.8189,0.285731
54.3793,155.294,47.4841,0.296743
54.4044,155.049,48.2993,0.301982
54.4294,154.999,48.7744,0.304865
54.4544,154.993,48.7326,0.304632
54.4794,155.017,48.1901,0.301399
54.5044,155.167,47.2265,0.295453
54.5295,155.976,45.5089,0.283888
54.5545,156.405,43.4132,0.270753
54.5795,157.01,40.6179,0.253146
54.6046,157.928,37.6238,0.233876
54.6296,158.622,34.3482,0.21325
54.6546,158.913,30.6311,0.190419
54.6796,159.955,26.6411,0.165038
54.7047,160.538,22.507,0.13929
54.7297,160.754,18.5528,0.114902
54.7547,160.95,14.4051,0.0892624
54.7797,161.54,10.2995,0.0636719
54.8047,161.593,6.2882,0.0388941
54.8298,161.649,2.5492,0.0157687
54.8798,161.498,-3.89154,-0.0240918
54.9048,161.463,-6.93311,-0.0429129
54.9299,161.47,-9.24708,-0.0572054
54.9549,161.431,-11.2288,-0.0694463
54.9799,161.287,-12.6059,-0.0779995
55.005,161.209,-13.5756,-0.084013
55.03,161.154,-13.7531,-0.0851349
55.055,161.194,-13.6243,-0.0843205
55.08,161.286,-13.2516,-0.0819785
55.105,161.331,-12.0071,-0.0742884
55.1301,161.381,-10.6158,-0.0656862
55.1551,161.412,-8.72545,-0.0540047
55.1801,161.501,-6.4726,-0.0400564
55.2052,161.52,-3.56711,-0.022081
55.2552,161.729,2.05694,0.0127177
55.2802,161.623,5.19043,0.0321034
55.3053,161.614,8.43896,0.0521693
55.3303,161.524,11.6159,0.0717908
55.3553,161.34,15.0618,0.0930843
55.3803,160.875,18.3836,0.11378
55.4053,160.77,21.3816,0.132219
55.4304,160.163,24.4565,0.151527
55.4554,159.793,27.426,0.169978
55.4804,159.4,29.7834,0.184717
55.5054,158.916,32.4052,0.201156
55.5305,158.504,34.538,0.214546
55.5555,158.246,36.5007,0.226694
55.5805,157.846,38.3685,0.23845
55.6056,157.602,39.6129,0.246247
55.6306,157.105,40.6499,0.253191
55.6556,156.977,41.3669,0.257665
55.6806,156.95,41.9115,0.260949
55.7056,156.942,41.9029,0.260909
55.7307,156.925,41.6731,0.259569
55.7557,156.939,41.4226,0.258056
55.7807,157.006,40.4785,0.252321
55.8058,157.106,39.4536,0.246041
55.8308,157.896,38.0693,0.236588
55.8558,158.003,36.3973,0.226409
55.8808,158.51,34.5096,0.214368
55.9059,158.827,32.5779,0.20231
55.9309,159.067,30.4648,0.18923
55.9559,159.6,28.2359,0.175105
55.9809,159.987,25.6873,0.159199
56.0059,160.326,23.1934,0.143667
56.031,160.702,20.6173,0.127598
56.056,160.738,18.2758,0.113213
56.081,160.919,15.4874,0.0959481
56.106,161.108,12.656,0.0783951
56.1311,161.577,10.1327,0.0626296
56.1561,161.617,7.42247,0.045894
56.1811,161.722,4.84778,0.029967
56.2062,161.632,2.46342,0.0152397
56.2812,161.57,-4.16111,-0.0257485
56.3062,161.489,-5.8146,-0.0359906
56.3313,161.463,-7.4542,-0.0461338
56.3563,161.42,-8.60113,-0.0532339
56.3813,161.396,-9.45023,-0.0584863
56.4064,161.374,-9.66693,-0.0598323
56.4314,161.362,-9.79685,-0.0606388
56.4564,161.374,-9.55351,-0.0591321
56.4814,161.4,-8.77897,-0.0543393
56.5065,161.414,-7.53483,-0.0466462
56.5315,161.493,-6.29121,-0.0389369
56.5565,161.494,-4.46757,-0.027657
56.6065,160.575,-0.280006,-0.00174377
56.6316,161.632,3.2385,0.0200336
56.6566,161.618,6.39714,0.0395612
56.6816,161.645,9.76154,0.0603156
56.7066,161.47,13.3425,0.0824445
56.7317,160.815,17.2724,0.106995
56.7567,160.694,21.1432,0.130823
56.7817,160.101,24.7916,0.153629
56.8068,159.718,28.5106,0.176645
56.8318,158.894,32.2493,0.20024
56.8568,158.166,35.5281,0.220959
56.8818,157.711,38.5653,0.239826
56.9068,157.013,41.4766,0.25826
56.9319,156.236,43.698,0.272723
56.9569,155.974,45.5897,0.28437
56.9819,155.488,47.2405,0.294959
57.007,155.188,48.324,0.301872
57.032,155.046,48.5962,0.303733
57.057,155.008,48.6124,0.303898
57.082,155.104,47.8973,0.299518
57.1071,155.551,46.6718,0.291494
57.1321,156.143,44.9736,0.280438
57.1571,156.708,42.9884,0.267735
57.1821,157.061,40.4226,0.251902
57.2071,157.849,37.4414,0.232893
57.2322,158.646,34.3913,0.213478
57.2572,158.97,30.7701,0.191196
57.2822,159.888,26.9294,0.16686
57.3072,160.232,22.7311,0.140923
57.3323,160.753,19.183,0.118771
57.3573,160.836,15.3423,0.0951028
57.3823,161.5,11.3983,0.070461
57.4074,161.663,7.59966,0.0469747
57.4324,161.655,4.25826,0.0263356
57.4574,161.635,1.31603,0.0081418
57.5074,161.557,-4.49545,-0.0278186
57.5325,161.471,-6.56172,-0.0406147
57.5575,161.441,-8.45875,-0.0523475
57.5825,161.383,-9.72106,-0.0601634
57.6076,161.362,-10.5611,-0.0653568
57.6326,161.382,-11.2749,-0.0697514
57.6576,161.373,-11.3574,-0.070264
57.6826,161.341,-10.7875,-0.0667623
57.7077,161.367,-9.72405,-0.0601875
57.7327,161.414,-8.59502,-0.0531982
57.7577,161.475,-7.30813,-0.0452278
57.7827,161.51,-5.42681,-0.0335878
57.8077,161.377,-2.42241,-0.0150098
57.8578,161.731,1.64524,0.0101724
57.8828,161.646,4.42998,0.0273987
57.9078,161.606,7.33048,0.045329
57.9329,161.552,10.2032,0.0630734
57.9579,161.427,13.077,0.080832
57.9829,161.166,15.7839,0.0976241
58.008,161.111,18.6555,0.115279
58.033,160.738,21.42,0.13248
58.058,160.327,24.0799,0.149078
58.083,160.195,26.5419,0.164194
58.108,159.788,29.3543,0.181682
58.1331,159.283,31.3288,0.194208
58.1581,159.025,33.4232,0.20716
58.1831,158.653,35.4234,0.219672
58.2082,158.513,36.8392,0.22835
58.2332,157.988,38.3896,0.238372
58.2582,157.783,39.5141,0.245386
58.2832,157.606,40.358,0.250682
58.3083,157.577,40.6266,0.252326
58.3333,157.528,40.8239,0.253575
58.3583,157.581,40.7474,0.253038
58.3833,157.681,40.5575,0.251755
58.4083,157.703,40.2289,0.249765
58.4334,157.797,39.2215,0.24362
58.4584,158.138,37.9302,0.235408
58.4834,158.543,36.421,0.225805
58.5084,158.721,34.8094,0.215894
58.5335,159.341,32.6355,0.20202
58.5585,159.579,30.6459,0.189733
58.5835,159.869,28.4246,0.175961
58.6086,160.304,25.9266,0.160345
58.6336,160.605,23.2905,0.144013
58.6586,160.922,20.5915,0.127267
58.6836,161.163,17.897,0.110595
58.7086,161.31,15.1074,0.0933819
58.7337,161.605,12.2847,0.0758709
58.7587,161.687,9.45181,0.0583909
58.7837,161.915,6.47655,0.0399785
58.8088,161.848,3.68133,0.0227418
58.8338,161.616,1.19204,0.00737562
58.8838,161.54,-3.20261,-0.0198229
58.9089,161.595,-5.54195,-0.0342819
58.9339,161.523,-7.45321,-0.0461107
58.9589,161.441,-8.79936,-0.0544511
58.9839,161.402,-9.66304,-0.0597981
59.0089,161.425,-10.3818,-0.064225
59.034,161.372,-10.5642,-0.0653717
59.059,161.363,-10.519,-0.0650962
59.084,161.371,-9.67172,-0.059863
59.109,161.395,-8.55599,-0.0529632
59.1341,161.506,-7.3518,-0.0454887
59.1591,161.52,-5.50327,-0.0340585
59.1841,161.219,-2.26294,-0.0140355
59.2342,161.696,2.42589,0.0150017
59.2592,161.675,5.59581,0.0345975
59.2842,161.668,9.01379,0.0556971
59.3092,161.537,12.4529,0.076938
59.3343,161.073,16.3966,0.101447
59.3593,160.697,20.3712,0.126095
59.3843,160.15,24.0029,0.14877
59.4094,159.71,27.5111,0.170583
59.4344,158.927,31.2319,0.194046
59.4594,158.467,34.4119,0.213836
59.4844,157.931,37.5122,0.233202
59.5095,157.273,40.2873,0.250769
59.5345,156.799,42.5429,0.264944
59.5595,156.277,44.4895,0.277347
59.5845,156.007,45.7766,0.285415
59.6095,155.809,46.7083,0.291255
59.6346,155.618,47.1088,0.293952
59.6596,155.737,46.8671,0.292316
59.6846,155.863,46.4878,0.289859
59.7096,156.006,45.238,0.282235
59.7347,156.508,43.6864,0.272203
59.7597,156.991,41.8091,0.260276
59.7847,157.602,39.4048,0.245004
59.8098,158.133,36.5756,0.227299
59.8348,158.82,33.6149,0.208576
59.8598,159.142,30.5485,0.189651
59.8848,159.941,26.9867,0.167155
59.9098,160.184,23.3774,0.144917
59.9349,160.82,19.6733,0.121726
59.9599,160.81,16.2957,0.10099
59.9849,161.483,12.6165,0.0779701
60.01,161.577,9.37121,0.0579334
60.035,161.687,6.08845,0.037638
60.06,161.658,3.29897,0.0204043
60.085,161.42,0.0197696,0.000122473
60.1351,161.515,-3.70398,-0.0229287
60.1601,161.577,-5.61217,-0.0347197
60.1851,161.564,-7.0726,-0.0437479
60.2101,161.481,-8.23776,-0.0509697
60.2352,161.452,-8.72821,-0.054008
60.2602,161.432,-8.72341,-0.0539851
60.2852,161.41,-8.58907,-0.0531626
60.3103,161.431,-8.34946,-0.0516754
60.3353,161.48,-7.36386,-0.0455707
60.3603,161.485,-6.24435,-0.0386491
60.3853,161.482,-4.60188,-0.0284901
60.4104,160.936,-1.36992,-0.00851195
60.4604,161.679,1.03147,0.00637965
60.4854,161.658,3.2344,0.020005
60.5104,161.671,5.57239,0.0344537
60.5355,161.651,8.03687,0.0496764
60.5605,161.623,10.5864,0.0654067
60.5855,161.455,12.9322,0.0799272
60.6106,161.244,15.5365,0.0960573
60.6356,160.874,18.3541,0.113599
60.6606,160.814,20.6084,0.127456
60.6856,160.441,23.012,0.142458
60.7107,160.212,25.4722,0.157671
60.7357,159.861,27.7849,0.172088
60.7607,159.589,29.7564,0.18434
60.7857,159.143,31.9574,0.198173
60.8107,158.793,33.7026,0.209139
60.8358,158.42,35.4951,0.220418
60.8608,158.42,36.888,0.228773
60.8858,157.949,38.0547,0.236424
60.9109,157.693,39.1651,0.243439
60.9359,157.597,39.6867,0.246695
60.9609,157.608,39.8428,0.247608
60.9859,157.628,39.8166,0.247423
61.011,157.689,39.707,0.246678
61.036,157.703,39.1279,0.243201
61.061,157.847,38.2353,0.237653
61.086,158.185,37.329,0.231743
61.111,158.468,35.7113,0.221652
61.1361,158.823,33.9835,0.210792
61.1611,159.207,32.0811,0.198844
61.1861,159.538,29.6632,0.183832
61.2112,159.811,27.4092,0.169857
61.2362,160.389,24.7713,0.153234
61.2612,160.616,21.8005,0.134906
61.2862,161.105,19.201,0.118624
61.3113,161.066,16.5615,0.102464
61.3363,161.365,13.257,0.0819713
61.3613,161.58,10.2735,0.0634965
61.3863,161.723,7.36059,0.0454821
61.4113,161.731,4.42795,0.0273716
61.4364,161.666,1.59368,0.00985757
61.4864,161.129,-2.29021,-0.0142126
61.5114,161.72,-5.58726,-0.0345354
61.5365,161.571,-7.54228,-0.0466469
61.5615,161.496,-9.20959,-0.0569651
61.5865,161.444,-10.2707,-0.0635319
61.6116,161.402,-10.8004,-0.0668164
61.6366,161.394,-11.2427,-0.0695475
61.6616,161.387,-11.2847,-0.0698097
61.6866,161.406,-10.4241,-0.0644934
61.7116,161.401,-9.41369,-0.0582589
61.7367,161.455,-7.86202,-0.0486563
61.7617,161.566,-6.07486,-0.0375823
61.7867,161.239,-2.58006,-0.0160001
61.8368,161.719,1.9703,0.0121829
61.8618,161.706,4.95409,0.0306269
61.8868,161.633,8.46186,0.0523046
61.9119,161.557,11.7532,0.0726214
61.9369,161.144,15.5828,0.0964015
61.9619,160.913,19.4847,0.120502
61.9869,160.437,22.8388,0.141404
62.0119,160.015,26.5071,0.164163
62.037,159.474,29.7337,0.184331
62.062,158.999,32.9179,0.204148
62.087,158.219,35.7835,0.222423
62.112,157.807,38.4278,0.238862
62.1371,157.072,40.5809,0.252828
62.1621,156.835,42.439,0.264267
62.1871,156.26,43.787,0.273212
62.2122,156.128,44.6738,0.278689
62.2372,155.998,44.7972,0.27964
62.2622,155.996,44.7695,0.27948
62.2872,156.055,44.4108,0.277254
62.3122,156.09,43.5378,0.272015
62.3373,156.651,42.1555,0.262876
62.3623,156.984,40.4673,0.252287
62.3873,157.729,38.4288,0.238981
62.4124,158.005,35.8929,0.223372
62.4374,158.808,32.9262,0.204437
62.4624,158.93,30.1713,0.187609
62.4874,159.844,26.9444,0.166997
62.5125,160.047,23.7223,0.14715
62.5375,160.651,20.5011,0.126927
62.5625,160.74,17.4598,0.108197
62.5875,160.935,14.2483,0.0883042
62.6125,161.424,11.0001,0.0680385
62.6376,161.646,7.95229,0.0491562
62.6626,161.627,5.33746,0.0330112
62.6876,161.634,2.7748,0.0171655
62.7126,161.512,0.519877,0.00321881
62.7877,161.508,-4.43165,-0.0274322
62.8128,161.491,-5.49026,-0.0339842
62.8378,161.487,-6.34524,-0.0392724
62.8628,161.481,-6.60431,-0.0408756
62.8878,161.46,-6.65389,-0.0411873
62.9128,161.46,-6.54375,-0.0405065
62.9379,161.492,-6.10193,-0.0377667
62.9629,161.505,-5.21385,-0.0322715
62.9879,161.499,-4.19815,-0.0259892
