0,81.0148,-127.374
0.025025,81.1549,-127.293
0.05005,81.6577,-127.004
0.075075,82.1389,-126.689
0.1001,82.5142,-126.604
0.125125,82.9926,-126.443
0.15015,83.0319,-126.458
0.175175,83.0327,-126.45
0.2002,83.0631,-126.455
0.225225,83.0851,-126.457
0.25025,83.0896,-126.47
0.275275,83.0353,-126.473
0.3003,82.9867,-126.493
0.325325,82.9276,-126.506
0.35035,82.9553,-126.507
0.375375,82.98,-126.529
0.4004,83.0051,-126.518
0.425425,82.8482,-126.518
0.45045,82.575,-126.543
0.475475,81.9765,-126.553
0.5005,80.74,-127.018
0.525525,78.6622,-127.523
0.55055,74.9659,-128.462
0.575575,69.9278,-129.97
0.6006,63.853,-131.525
0.625625,56.7322,-133.388
0.65065,48.5862,-135.233
0.675675,39.5246,-136.997
0.7007,29.2518,-138.298
0.725725,18.9271,-139.633
0.75075,7.71223,-140.542
0.775775,-4.11514,-140.752
0.8008,-15.639,-140.739
0.825825,-26.5768,-140.143
0.85085,-39.2761,-138.594
0.875875,-50.4811,-137.098
0.9009,-61.4007,-134.982
0.925925,-72.0535,-132.613
0.95095,-81.3192,-130.345
0.975975,-89.9793,-127.962
1.001,-97.7859,-125.747
1.02602,-104.066,-123.601
1.05105,-109.634,-121.656
1.07607,-113.829,-120.238
1.1011,-116.845,-119.288
1.12613,-118.261,-119.097
1.15115,-118.556,-119.072
1.17617,-117.111,-119.99
1.2012,-114.766,-121.075
1.22622,-110.928,-122.384
1.25125,-105.447,-124.398
1.27628,-98.9145,-126.59
1.3013,-91.0728,-128.871
1.32632,-82.1443,-131.203
1.35135,-71.9612,-133.319
1.37637,-60.3113,-135.61
1.4014,-48.7851,-138.037
1.42643,-37.2948,-138.857
1.45145,-24.5722,-139.421
1.47647,-11.5115,-139.803
1.5015,1.55428,-139.931
1.52652,14.0144,-139.468
1.55155,26.0076,-138.748
1.57658,37.3192,-137.776
1.6016,48.0472,-136.475
1.62662,57.6879,-134.917
1.65165,65.9212,-133.802
1.67667,73.0142,-132.277
1.7017,78.7674,-131.267
1.72673,82.9976,-130.399
1.75175,85.9478,-129.608
1.77677,87.0024,-129.539
1.8018,86.8371,-129.581
1.82682,84.8447,-130.139
1.85185,81.7081,-130.703
1.87688,76.7773,-132.088
1.9019,70.5947,-133.142
1.92692,62.8433,-134.783
1.95195,53.8792,-136.269
1.97697,44.0882,-137.557
2.002,32.7008,-138.821
2.02703,21.2457,-139.623
2.05205,8.77278,-140.205
2.07707,-4.01627,-140.482
2.1021,-17.3578,-140.178
2.12712,-30.4593,-139.798
2.15215,-42.6338,-139.45
2.17718,-54.0755,-137.277
2.2022,-66.0393,-134.819
2.22722,-76.5745,-132.604
2.25225,-86.1778,-130.378
2.27727,-94.8465,-127.968
2.3023,-102.06,-125.758
2.32733,-108.104,-123.847
2.35235,-112.827,-122.181
2.37737,-115.963,-121.022
2.4024,-117.889,-120.079
2.42742,-118.357,-119.85
2.45245,-117.642,-119.989
2.47748,-115.624,-120.515
2.5025,-111.931,-121.677
2.52752,-107.063,-123.293
2.55255,-101.061,-124.937
2.57757,-94.064,-126.97
2.6026,-85.9849,-129.233
2.62763,-77.021,-131.504
2.65265,-67.071,-133.757
2.67767,-56.4133,-136.009
2.7027,-45.2852,-137.684
2.72772,-33.7799,-138.955
2.75275,-22.3521,-140.071
2.77778,-11.5122,-140.467
2.8028,0.637653,-140.74
2.82782,12.1911,-140.201
2.85285,22.7188,-139.471
2.87787,32.8315,-138.049
2.9029,42.4271,-136.48
2.92793,50.7801,-134.679
2.95295,58.1207,-133.126
2.97797,64.1307,-131.713
3.003,69.3967,-130.164
3.02802,73.098,-129.145
3.05305,75.8534,-128.245
3.07808,77.0226,-127.901
3.1031,77.1132,-128.028
3.12812,76.0128,-128.306
3.15315,73.6781,-129.149
3.17817,69.9234,-130.134
3.2032,64.7815,-131.778
3.22823,58.7439,-133.299
3.25325,51.7073,-134.851
3.27827,43.5436,-136.304
3.3033,34.4999,-137.911
3.32832,24.3433,-139.195
3.35335,13.6602,-140.291
3.37838,2.39719,-140.821
3.4034,-9.30117,-140.841
3.42842,-20.7004,-140.52
3.45345,-31.6732,-139.655
3.47847,-43.5385,-138.2
3.5035,-54.4342,-136.284
3.52853,-65.2302,-134.615
3.55355,-75.1792,-132.412
3.57857,-84.1935,-130.089
3.6036,-92.2652,-127.972
3.62862,-99.6401,-125.684
3.65365,-105.928,-123.736
3.67868,-110.75,-122.282
3.7037,-114.112,-121.198
3.72872,-116.679,-120.311
3.75375,-117.5,-120.182
3.77877,-117.091,-120.371
3.8038,-115.369,-121.277
3.82883,-111.932,-122.329
3.85385,-107.523,-124.03
3.87887,-101.765,-125.788
3.9039,-94.6352,-127.874
3.92893,-86.2147,-130.13
3.95395,-76.7,-132.398
3.97898,-66.2619,-134.651
4.004,-55.1946,-136.344
4.02902,-44.001,-137.957
4.05405,-32.6346,-139.268
4.07907,-19.638,-139.95
4.1041,-6.3137,-140.342
4.12913,6.45536,-140.157
4.15415,18.4263,-139.8
4.17917,29.7327,-138.843
4.2042,40.4825,-137.917
4.22922,50.4688,-136.504
4.25425,58.8799,-135.354
4.27928,66.5211,-133.983
4.3043,72.5821,-132.822
4.32932,77.1522,-132.036
4.35435,80.5943,-131.149
4.37937,82.6057,-130.646
4.4044,82.9033,-130.523
4.42943,81.7895,-130.586
4.45445,78.9135,-131.3
4.47947,74.8342,-132.134
4.5045,69.4339,-133.084
4.52952,62.7957,-134.279
4.55455,54.674,-135.56
4.57958,45.6601,-136.733
4.6046,35.5673,-137.944
4.62962,24.605,-138.768
4.65465,13.0908,-139.605
4.67967,0.92442,-139.869
4.7047,-11.237,-139.616
4.72973,-23.7395,-139.234
4.75475,-36.1596,-138.685
4.77977,-47.5917,-137.478
4.8048,-58.0617,-135.889
4.82982,-69.0448,-133.78
4.85485,-78.3619,-132.077
4.87988,-87.1307,-130.012
4.9049,-94.826,-127.952
4.92992,-101.073,-125.795
4.95495,-106.035,-124.349
4.97997,-109.983,-122.705
5.005,-112.76,-121.481
5.03003,-113.853,-121.145
5.05505,-113.86,-121.121
5.08007,-112.569,-121.296
5.1051,-109.943,-122.277
5.13012,-106.017,-123.455
5.15515,-101.069,-124.814
5.18018,-95.0872,-126.793
5.2052,-88.0871,-128.882
5.23022,-80.0878,-131.137
5.25525,-71.2477,-133.356
5.28027,-61.5815,-135.362
5.3053,-51.3772,-137.191
5.33033,-40.4478,-138.677
5.35535,-29.6043,-139.99
5.38037,-19.3532,-140.58
5.4054,-8.29942,-140.684
5.43042,3.66868,-140.26
5.45545,14.3454,-139.45
5.48048,24.5902,-138.627
5.5055,33.6727,-137.4
5.53052,42.6699,-136.163
5.55555,50.699,-134.573
5.58057,57.6771,-132.948
5.6056,63.473,-131.752
5.63063,67.9729,-130.796
5.65565,71.5326,-129.865
5.68067,74.0001,-129.351
5.7057,74.945,-129.221
5.73072,74.8467,-129.353
5.75575,73.2018,-130.164
5.78078,70.3098,-131.044
5.8058,66.3717,-132.021
5.83082,60.9793,-133.704
5.85585,54.7461,-134.9
5.88087,47.3436,-136.395
5.9059,38.7588,-137.975
5.93093,29.5637,-138.951
5.95595,19.4256,-140.327
5.98097,8.59082,-140.824
6.006,-2.66556,-141.003
6.03102,-14.3899,-141.461
6.05605,-24.614,-140.23
6.08108,-36.5436,-138.861
6.1061,-47.5856,-137.403
6.13112,-58.4914,-135.773
6.15615,-68.902,-133.735
6.18117,-78.2881,-131.433
6.2062,-87.0456,-129.276
6.23123,-94.8366,-126.976
6.25625,-101.045,-125.502
6.28127,-106.721,-123.599
6.3063,-110.811,-122.362
6.33132,-113.795,-121.318
6.35635,-115.123,-121.168
6.38138,-115.102,-121.191
6.4064,-113.933,-121.407
6.43142,-111.173,-122.419
6.45645,-107.121,-123.989
6.48147,-101.917,-125.617
6.5065,-95.1516,-127.641
6.53153,-87.3559,-129.831
6.55655,-78.9141,-131.631
6.58157,-68.9634,-133.754
6.6066,-58.2357,-135.906
6.63162,-46.6275,-137.709
6.65665,-35.6886,-139.19
6.68168,-23.5621,-139.861
6.7067,-11.8922,-140.421
6.73172,1.33486,-140.565
6.75675,13.1483,-140.349
6.78177,24.5029,-139.693
6.8068,34.8367,-138.885
6.83183,44.7152,-137.53
6.85685,53.2006,-136.498
6.88187,60.8495,-135.031
6.9069,66.9133,-133.929
6.93192,71.8751,-132.96
6.95695,75.6805,-132.086
6.98198,77.9307,-131.356
7.007,78.681,-131.167
7.03202,77.951,-131.231
7.05705,75.9553,-131.338
7.08207,72.7093,-132.051
7.1071,67.8778,-132.983
7.13213,61.8282,-133.853
7.15715,54.8031,-135.002
7.18217,46.3586,-136.207
7.2072,37.5793,-137.161
7.23222,26.9584,-138.458
7.25725,16.5583,-139.318
7.28228,5.22641,-139.814
7.3073,-6.1428,-139.848
7.33232,-17.7758,-139.615
7.35735,-29.5968,-139.132
7.38237,-41.1862,-138.852
7.4074,-50.8707,-137.334
7.43243,-61.53,-135.258
7.45745,-70.9415,-133.57
7.48247,-79.8829,-131.502
7.5075,-87.515,-129.85
7.53252,-94.0611,-127.888
7.55755,-99.5782,-126.005
7.58258,-103.974,-124.542
7.6076,-107.048,-123.417
7.63262,-108.967,-122.489
7.65765,-109.79,-122.294
7.68267,-109.064,-122.36
7.7077,-107.701,-122.684
7.73273,-104.854,-123.577
7.75775,-100.96,-124.78
7.78277,-95.8266,-126.598
7.8078,-89.9637,-128.215
7.83282,-82.5145,-130.254
7.85785,-74.4817,-132.337
7.88288,-65.9978,-134.229
7.9079,-56.5063,-136.035
7.93293,-46.3655,-137.403
7.95795,-36.3079,-138.663
7.98297,-26.4066,-139.295
8.008,-16.076,-139.977
8.03303,-3.75955,-139.819
8.05805,6.62648,-139.272
8.08307,16.8267,-138.741
8.1081,26.5191,-137.668
8.13312,35.567,-136.577
8.15815,43.748,-135.251
8.18318,51.0833,-134.16
8.2082,57.6626,-132.716
8.23322,62.8831,-131.809
8.25825,66.9695,-130.979
8.28327,70.0708,-130.237
8.3083,71.9064,-130.095
8.33333,72.3274,-130.173
8.35835,71.6206,-130.404
8.38338,69.7872,-131.099
8.4084,66.7177,-132
8.43342,61.7702,-133.519
8.45845,56.2387,-134.707
8.48348,49.265,-136.142
8.5085,41.6886,-137.281
8.53353,32.6025,-138.772
8.55855,23.4031,-139.581
8.58357,12.6555,-140.214
8.6086,1.58291,-140.654
8.63363,-10.4311,-140.247
8.65865,-20.6989,-139.953
8.68368,-31.6413,-139.046
8.7087,-42.7424,-137.656
8.73372,-53.7178,-136.22
8.75875,-64.1412,-134.596
8.78378,-73.7143,-132.566
8.8088,-82.4289,-130.366
8.83383,-90.1983,-128.268
8.85885,-96.936,-126.62
8.88387,-102.874,-124.682
8.9089,-107.179,-123.421
8.93393,-110.51,-122.366
8.95895,-112.317,-122.121
8.98398,-112.811,-121.826
9.009,-111.981,-122.2
9.03402,-109.892,-123.189
9.05905,-106.325,-124.369
9.08408,-101.485,-125.744
9.1091,-95.3904,-127.637
9.13412,-88.136,-129.349
9.15915,-79.8754,-131.35
9.18417,-70.4249,-133.552
9.2092,-60.4827,-135.315
9.23423,-49.33,-137.199
9.25925,-38.3802,-138.591
9.28427,-27.0653,-139.564
9.3093,-16.1697,-140.271
9.33432,-4.16332,-140.714
9.35935,7.55992,-140.625
9.38438,18.6468,-140.341
9.4094,28.847,-139.614
9.43442,38.5032,-138.645
9.45945,46.9165,-137.494
9.48447,54.6257,-136.45
9.5095,61.2341,-135.206
9.53453,66.4143,-133.935
9.55955,70.1653,-133.162
9.58457,72.8638,-132.214
9.6096,73.9006,-132.026
9.63462,73.8517,-131.783
9.65965,72.6893,-132.007
9.68468,69.8854,-132.195
9.7097,65.8169,-132.957
9.73472,60.7493,-133.764
9.75975,54.3364,-134.693
9.78477,46.81,-135.949
9.8098,38.5787,-137.068
9.83483,29.5076,-138.02
9.85985,19.4659,-139.065
9.88487,9.43579,-139.55
9.9099,-1.36802,-139.832
9.93492,-12.374,-139.819
9.95995,-23.3535,-139.465
9.98498,-34.7619,-139.16
10.01,-44.3297,-138.429
10.035,-54.2664,-136.336
10.0601,-63.8374,-134.838
10.0851,-72.5583,-133.321
10.1101,-80.3068,-131.373
10.1351,-87.1163,-129.626
10.1601,-93.1084,-127.944
10.1852,-97.8972,-126.525
10.2102,-101.354,-125.294
10.2352,-103.988,-124.498
10.2602,-105.558,-123.726
10.2853,-105.88,-123.563
10.3103,-104.946,-123.711
10.3353,-102.97,-124.56
10.3604,-100.005,-125.658
10.3854,-95.7296,-126.853
10.4104,-90.2801,-128.701
10.4354,-84.1514,-130.248
10.4604,-77.1278,-132.274
10.4855,-69.2345,-133.874
10.5105,-60.3674,-135.892
10.5355,-50.9189,-137.26
10.5605,-41.2984,-138.733
10.5856,-31.6844,-139.792
10.6106,-21.4816,-140.297
10.6356,-10.0622,-140.347
10.6607,0.501432,-139.94
10.6857,10.6274,-139.479
10.7107,20.426,-138.538
10.7357,29.6404,-137.773
10.7607,38.0762,-136.779
10.7858,45.8476,-135.432
10.8108,52.6617,-134.44
10.8358,58.6095,-133.525
10.8608,63.4596,-132.714
10.8859,66.9159,-132.003
10.9109,69.2566,-131.902
10.9359,70.3186,-131.989
10.961,70.1584,-132.15
10.986,68.6796,-132.709
11.011,65.8996,-133.802
11.036,61.9529,-134.704
11.061,56.7857,-135.685
11.0861,50.5543,-137.159
11.1111,43.537,-138.225
11.1361,35.1797,-139.207
11.1611,26.0434,-140.541
11.1862,15.8696,-141.199
11.2112,5.4097,-141.271
11.2362,-6.33184,-141.739
11.2613,-16.9684,-141.404
11.2863,-27.4733,-140.921
11.3113,-38.4131,-139.577
11.3363,-49.3148,-137.997
11.3613,-59.7128,-136.172
11.3864,-69.2688,-134.528
11.4114,-78.281,-132.525
11.4364,-86.1762,-130.681
11.4614,-93.0864,-128.914
11.4865,-99.0765,-127.236
11.5115,-103.903,-125.654
11.5365,-107.19,-124.741
11.5616,-109.217,-124.258
11.5866,-110.09,-123.882
11.6116,-109.752,-124.084
11.6366,-108.018,-124.542
11.6616,-104.993,-125.545
11.6867,-100.871,-126.829
11.7117,-95.1481,-128.583
11.7367,-88.4995,-130.212
11.7617,-81.0802,-132.151
11.7868,-72.2408,-133.964
11.8118,-62.8303,-135.856
11.8368,-52.6233,-137.605
11.8619,-41.8808,-139.276
11.8869,-30.7736,-140.805
11.9119,-20.5627,-141.778
11.9369,-9.72524,-142.104
11.9619,2.10278,-141.781
11.987,13.1968,-141.261
12.012,23.3714,-140.634
12.037,32.6148,-139.847
12.062,41.077,-138.963
12.0871,48.7607,-137.668
12.1121,55.258,-136.458
12.1371,60.7069,-135.578
12.1622,64.8404,-134.714
12.1872,67.8028,-133.928
12.2122,69.6729,-133.109
12.2372,69.8639,-133.011
12.2622,68.9937,-132.997
12.2873,66.911,-133.031
12.3123,63.7082,-133.752
12.3373,59.2151,-134.566
12.3623,53.6294,-135.49
12.3874,46.8741,-136.38
12.4124,39.5847,-137.384
12.4374,30.9575,-138.664
12.4625,21.8274,-139.552
12.4875,12.4213,-140.205
12.5125,2.4213,-140.876
12.5375,-7.66208,-140.776
12.5625,-18.4547,-140.671
12.5876,-29.0845,-140.998
12.6126,-38.8798,-140.59
12.6376,-48.2455,-138.383
12.6626,-57.5049,-136.843
12.6877,-66.2114,-135.369
12.7127,-74.1886,-133.58
12.7377,-81.1839,-132.06
12.7628,-87.5276,-130.24
12.7878,-92.731,-128.785
12.8128,-96.9937,-127.397
12.8378,-100.058,-126.585
12.8628,-102.035,-125.746
12.8879,-103.001,-125.533
12.9129,-102.989,-125.543
12.9379,-101.638,-125.91
12.9629,-99.092,-126.694
12.988,-95.8863,-127.814
13.013,-91.2978,-129.373
13.038,-85.8312,-130.913
13.0631,-79.3196,-132.436
13.0881,-72.088,-134.308
13.1131,-63.6469,-135.919
13.1381,-54.9566,-137.293
13.1631,-45.2451,-139.027
13.1882,-36.5204,-140.521
13.2132,-26.6306,-140.913
13.2382,-15.3498,-140.559
13.2632,-4.7175,-140.697
13.2883,5.39731,-140.325
13.3133,15.2065,-139.498
13.3383,24.6853,-138.827
13.3634,33.5684,-137.888
13.3884,41.4,-137.003
13.4134,48.7995,-135.822
13.4384,54.8175,-134.84
13.4634,59.8733,-133.826
13.4885,63.7464,-133.38
13.5135,66.8377,-133.033
13.5385,68.3362,-132.875
13.5635,68.8045,-132.985
13.5886,67.7614,-133.522
13.6136,65.7297,-133.961
13.6386,62.4182,-134.863
13.6637,57.8021,-135.877
13.6887,51.7372,-137.194
13.7137,44.7666,-138.251
13.7387,37.1624,-139.09
13.7637,28.5442,-140.005
13.7888,19.2323,-140.612
13.8138,8.89549,-141.096
13.8388,-2.09973,-141.625
13.8638,-13.2649,-141.485
13.8889,-23.7873,-141.257
13.9139,-34.1829,-140.519
13.9389,-44.4369,-138.547
13.964,-55.204,-137.031
13.989,-64.4916,-135.497
14.014,-73.4183,-133.595
14.039,-81.2985,-131.94
14.064,-88.4372,-130.152
14.0891,-94.2104,-128.7
14.1141,-99.1204,-126.936
14.1391,-102.911,-125.957
14.1641,-105.351,-125.392
14.1892,-106.279,-124.923
14.2142,-106.15,-124.655
14.2392,-104.778,-125.269
14.2643,-102.033,-126.09
14.2893,-98.2592,-127.141
14.3143,-93.0721,-128.802
14.3393,-87.1548,-130.13
14.3643,-80.093,-132.07
14.3894,-72.1426,-133.7
14.4144,-63.2607,-135.709
14.4394,-53.5897,-137.209
14.4644,-43.4231,-138.638
14.4895,-33.1409,-140.022
14.5145,-23.0595,-141.164
14.5395,-12.7508,-141.757
14.5646,-2.11679,-141.77
14.5896,8.48627,-141.132
14.6146,18.4387,-140.52
14.6396,27.5348,-139.852
14.6646,35.7082,-138.981
14.6897,43.4074,-137.989
14.7147,49.9516,-136.813
14.7397,55.6271,-135.672
14.7647,59.9257,-134.746
14.7898,63.0584,-133.94
14.8148,65.3,-133.304
14.8398,65.9027,-132.883
14.8649,65.7341,-132.839
14.8899,64.2296,-132.941
14.9149,61.5376,-133.309
14.9399,57.842,-133.851
14.9649,52.8926,-134.724
14.99,47.0995,-135.627
15.015,40.0148,-136.724
15.04,32.6218,-137.821
15.065,24.4891,-138.691
15.0901,15.5074,-139.39
15.1151,6.2696,-140.111
15.1401,-3.54632,-140.406
15.1652,-13.5632,-140.425
15.1902,-24.1827,-140.742
15.2152,-33.3582,-140.165
15.2402,-42.4939,-138.637
15.2652,-52.0586,-137.172
15.2903,-60.5048,-135.885
15.3153,-68.4191,-134.216
15.3403,-75.9594,-132.622
15.3653,-82.2627,-131.111
15.3904,-87.9851,-129.45
15.4154,-92.8543,-127.954
15.4404,-96.2111,-126.941
15.4655,-98.8561,-126.056
15.4905,-100.237,-125.669
15.5155,-100.857,-125.56
15.5405,-100.038,-125.698
15.5655,-98.1469,-126.495
15.5906,-95.3398,-127.551
15.6156,-91.2103,-128.868
15.6406,-86.2426,-130.141
15.6656,-80.3949,-131.72
15.6907,-73.4916,-133.39
15.7157,-66.0621,-134.852
15.7407,-57.4029,-136.277
15.7658,-48.1362,-138.001
15.7908,-39.4179,-139.473
15.8158,-30.0479,-139.986
15.8408,-19.5148,-140.174
15.8659,-8.72506,-140.341
15.8909,1.35906,-140.039
15.9159,11.3085,-140.002
15.9409,20.5259,-139.408
15.9659,29.5605,-138.658
15.991,37.6037,-137.916
16.016,44.8707,-137.053
16.041,50.9818,-136.329
16.0661,56.5323,-135.423
16.0911,60.7977,-134.752
16.1161,64.0716,-134.214
16.1411,65.8026,-133.923
16.1662,66.5989,-133.938
16.1912,66.018,-134.22
16.2162,64.3283,-134.651
16.2412,61.3852,-135.414
16.2662,57.0248,-136.551
16.2913,51.6943,-137.411
16.3163,45.2692,-138.24
16.3413,38.0375,-139.153
16.3664,29.5592,-139.984
16.3914,20.5837,-140.559
16.4164,10.6416,-141.147
16.4414,0.543199,-141.583
16.4665,-10.0392,-141.514
16.4915,-20.6583,-141.45
16.5165,-30.8616,-141.08
16.5415,-40.5991,-139.678
16.5665,-50.5117,-138.053
16.5916,-60.2608,-136.1
16.6166,-69.2227,-134.605
16.6416,-77.0641,-132.902
16.6667,-84.0945,-131.245
16.6917,-90.1268,-129.902
16.7167,-95.1011,-128.739
16.7417,-98.9355,-127.581
16.7668,-101.274,-126.62
16.7918,-102.892,-126.209
16.8168,-103.05,-126.331
16.8418,-102.046,-126.599
16.8668,-99.8705,-127.139
16.8919,-96.3632,-127.946
16.9169,-92.07,-129.235
16.9419,-86.2618,-130.804
16.967,-79.4355,-132.363
16.992,-72.3488,-133.952
17.017,-64.0278,-135.695
17.042,-55.3446,-137.107
17.0671,-45.699,-138.603
17.0921,-35.9654,-139.777
17.1171,-26.2241,-141.054
17.1421,-16.6695,-142.158
17.1671,-6.5448,-141.805
17.1922,3.62427,-141.394
17.2172,13.111,-141.087
17.2422,21.9744,-140.553
17.2673,30.3952,-139.773
17.2923,37.7057,-138.874
17.3173,44.5859,-137.495
17.3423,50.1459,-136.599
17.3674,54.7446,-135.568
17.3924,58.4626,-134.712
17.4174,60.8514,-134.053
17.4424,62.1713,-133.755
17.4674,62.4493,-133.525
17.4925,61.6459,-133.673
17.5175,59.6888,-133.781
17.5425,56.675,-134.557
17.5676,52.5349,-135.247
17.5926,47.4174,-136.231
17.6176,41.5844,-137.19
17.6426,34.5986,-138.045
17.6677,26.7801,-139.32
17.6927,18.5323,-140.194
17.7177,9.61891,-140.979
17.7427,0.578539,-141.062
17.7677,-8.95607,-141.285
17.7928,-18.5663,-141.475
17.8178,-27.5787,-141.333
17.8428,-36.7684,-139.983
17.8679,-46.3124,-138.377
17.8929,-55.0078,-137.13
17.9179,-63.1781,-135.701
17.9429,-70.5412,-134.18
17.968,-77.2088,-132.467
17.993,-83.199,-131.149
18.018,-88.0926,-129.888
18.043,-92.1302,-128.895
18.068,-95.1682,-127.934
18.0931,-97.1302,-127.218
18.1181,-97.9355,-126.911
18.1431,-97.9563,-126.897
18.1682,-96.7502,-127.677
18.1932,-94.3316,-128.163
18.2182,-90.8563,-129.181
18.2432,-86.3488,-130.462
18.2683,-80.992,-131.736
18.2933,-74.4206,-133.345
18.3183,-67.2873,-134.753
18.3433,-59.2132,-136.097
18.3683,-50.2917,-137.656
18.3934,-41.301,-139.136
18.4184,-32.4387,-139.856
18.4434,-22.5645,-140.1
18.4685,-11.7534,-140.403
18.4935,-2.18596,-140.609
18.5185,7.59602,-140.241
18.5435,16.809,-139.887
18.5686,25.6289,-139.384
18.5936,33.6917,-138.75
18.6186,41.2539,-137.667
18.6436,47.6906,-137.255
18.6686,53.0446,-136.418
18.6937,57.7283,-135.698
18.7187,60.8286,-135.399
18.7437,63.0361,-134.896
18.7688,63.824,-134.872
18.7938,63.7229,-134.886
18.8188,62.5275,-135.034
18.8438,59.7117,-135.724
18.8689,55.6783,-136.548
18.8939,50.7267,-137.413
18.9189,44.7244,-138.281
18.9439,37.7186,-139.043
18.9689,29.701,-139.865
18.994,21.3864,-140.553
19.019,12.0351,-141.183
19.044,2.42664,-141.114
19.0691,-7.77326,-141.18
19.0941,-18.3257,-141.292
19.1191,-28.6189,-141.452
19.1441,-38.1221,-140.508
19.1692,-47.2801,-138.646
19.1942,-56.4975,-137.006
19.2192,-65.3587,-135.28
19.2442,-73.1324,-134.016
19.2692,-80.2075,-132.428
19.2943,-86.079,-131.071
19.3193,-90.9793,-129.787
19.3443,-95.0188,-128.808
19.3694,-97.8804,-127.91
19.3944,-99.2904,-127.538
19.4194,-99.8636,-127.421
19.4444,-99.1247,-127.588
19.4695,-97.1374,-127.801
19.4945,-94.2334,-128.833
19.5195,-90.2039,-129.974
19.5445,-85.2153,-131.158
19.5695,-79.276,-132.578
19.5946,-72.3889,-134.29
19.6196,-65.013,-135.729
19.6446,-56.6443,-137.14
19.6697,-48.0916,-138.501
19.6947,-38.5696,-139.78
19.7197,-29.3104,-140.919
19.7447,-20.4,-141.897
19.7698,-11.3916,-142.379
19.7948,-1.13609,-141.775
19.8198,8.3836,-141.241
19.8448,17.0068,-140.738
19.8698,24.9195,-139.917
19.8949,32.5373,-138.912
19.9199,38.9231,-138.094
19.9449,44.7748,-137.19
19.97,49.6633,-136.286
19.995,53.6321,-135.51
20.02,56.6889,-134.686
20.045,58.1587,-134.538
20.07,58.7473,-134.256
20.0951,58.4936,-134.404
20.1201,56.936,-134.628
20.1451,54.5694,-135.224
20.1701,50.9536,-135.713
20.1952,46.5356,-136.473
20.2202,40.8971,-137.537
20.2452,34.7051,-138.329
20.2703,27.5691,-139.493
20.2953,19.7045,-140.199
20.3203,11.3978,-141.044
20.3453,2.65079,-141.138
20.3703,-6.32948,-141.453
20.3954,-16.3426,-141.757
20.4204,-25.4288,-141.356
20.4454,-34.0234,-140.494
20.4704,-43.2343,-138.818
20.4955,-51.7982,-137.818
20.5205,-59.6882,-136.47
20.5455,-67.3567,-134.902
20.5706,-74.2135,-133.447
20.5956,-80.3138,-132.163
20.6206,-85.3747,-130.879
20.6456,-89.9323,-129.866
20.6706,-93.1441,-128.974
20.6957,-95.3237,-128.324
20.7207,-96.4675,-128.164
20.7457,-96.9518,-127.852
20.7707,-96.0237,-127.992
20.7958,-94.0573,-128.839
20.8208,-91.1017,-129.901
20.8458,-86.9349,-130.945
20.8709,-81.6981,-132.261
20.8959,-75.7575,-133.58
20.9209,-68.4823,-135.209
20.9459,-60.6844,-136.571
20.9709,-52.3299,-138.209
20.996,-43.5994,-139.752
21.021,-35.3947,-140.622
21.046,-25.5462,-141.043
21.071,-15.3934,-141.247
21.0961,-5.19867,-141.092
21.1211,4.24274,-141.03
21.1461,13.5705,-140.541
21.1712,22.4476,-139.98
21.1962,30.5677,-139.156
21.2212,37.8927,-138.246
21.2462,44.5167,-137.443
21.2712,49.8145,-136.604
21.2963,54.6438,-135.886
21.3213,57.8084,-135.619
21.3463,60.4114,-134.911
21.3713,61.5875,-134.79
21.3964,61.6589,-134.793
21.4214,60.5987,-134.887
21.4464,57.8511,-135.622
21.4715,54.5946,-135.8
21.4965,49.8344,-136.589
21.5215,44.4676,-137.344
21.5465,37.6856,-138.095
21.5715,30.4281,-138.895
21.5966,22.2676,-139.517
21.6216,13.5026,-140.061
21.6466,4.42562,-140.202
21.6716,-5.21504,-140.375
21.6967,-15.4776,-140.292
21.7217,-24.8217,-139.993
21.7467,-34.3967,-139.786
21.7718,-43.1871,-138.526
21.7968,-51.9574,-137.12
21.8218,-60.4616,-135.716
21.8468,-68.3793,-134.456
21.8718,-75.1381,-132.848
21.8969,-81.1824,-131.344
21.9219,-86.1266,-130.136
21.9469,-90.1183,-129.06
21.9719,-93.0897,-128.069
21.997,-94.9548,-127.706
22.022,-95.44,-127.65
22.047,-95.0592,-127.684
22.0721,-93.9115,-128.006
22.0971,-91.1812,-128.797
22.1221,-87.9271,-129.825
22.1471,-83.2668,-130.948
22.1721,-78.0085,-132.319
22.1972,-71.7011,-133.634
22.2222,-64.7333,-135.146
22.2472,-57.1258,-136.367
22.2722,-49.2154,-137.716
22.2973,-40.1839,-138.695
22.3223,-31.3034,-139.817
22.3473,-22.5668,-141.053
22.3724,-13.9611,-141.135
22.3974,-4.32475,-140.877
22.4224,4.61436,-140.89
22.4474,13.2693,-140.289
22.4724,21.2919,-139.854
22.4975,28.669,-138.824
22.5225,35.4313,-137.948
22.5475,41.454,-137.167
22.5725,46.5325,-136.289
22.5976,50.7154,-135.487
22.6226,53.8005,-134.745
22.6476,55.8659,-134.516
22.6727,56.875,-134.119
22.6977,56.8832,-134.432
22.7227,55.8343,-134.622
22.7477,53.7882,-135.103
22.7727,50.8244,-135.555
22.7978,46.7528,-136.376
22.8228,41.9479,-137.28
22.8478,35.9081,-138.118
22.8728,29.3857,-138.869
22.8979,22.0805,-139.7
22.9229,14.3045,-140.257
22.9479,5.70164,-140.921
22.973,-2.92221,-140.868
22.998,-12.5675,-141.307
23.023,-20.7806,-141.321
23.048,-29.6451,-140.674
23.073,-38.0758,-139.424
23.0981,-47.4227,-138.132
23.1231,-55.3783,-136.925
23.1481,-63.218,-135.654
23.1731,-70.0697,-133.932
23.1982,-76.3631,-132.602
23.2232,-81.7373,-131.238
23.2482,-86.2933,-130.156
23.2733,-90.0336,-129.205
23.2983,-92.696,-128.629
23.3233,-94.2216,-128.23
23.3483,-94.5404,-128.034
23.3733,-93.9263,-128.005
23.3984,-92.1267,-128.855
23.4234,-89.3332,-129.631
23.4484,-85.4248,-130.762
23.4734,-81.0754,-132.162
23.4985,-75.1605,-133.409
23.5235,-68.3489,-134.685
23.5485,-61.1704,-135.979
23.5736,-53.2217,-137.418
23.5986,-44.3214,-138.663
23.6236,-36.2666,-139.728
23.6486,-26.6775,-140.589
23.6736,-17.8003,-140.951
23.6987,-7.32452,-140.815
23.7237,1.73291,-140.911
23.7487,10.9577,-140.537
23.7737,19.2124,-140.312
23.7988,27.5239,-139.651
23.8238,34.7169,-138.928
23.8488,41.1412,-138.244
23.8739,46.6677,-137.35
23.8989,51.2691,-136.684
23.9239,54.675,-136.413
23.9489,57.0553,-135.743
23.9739,58.6073,-135.643
23.999,58.634,-135.628
24.024,57.6652,-135.675
24.049,55.6027,-136.019
24.074,52.5426,-136.406
24.0991,47.9297,-137.223
24.1241,42.6423,-138.027
24.1491,36.5579,-138.839
24.1742,29.5564,-139.657
24.1992,21.719,-140.03
24.2242,13.6953,-140.406
24.2492,4.6347,-140.98
24.2743,-4.36672,-140.798
24.2993,-13.7346,-140.803
24.3243,-23.3852,-140.749
24.3493,-32.5017,-140.602
24.3743,-40.7768,-139.986
24.3994,-49.2482,-138.225
24.4244,-57.2068,-136.875
24.4494,-64.9468,-135.585
24.4745,-71.462,-134.068
24.4995,-77.3916,-133.013
24.5245,-82.2611,-131.837
24.5495,-86.2291,-131.073
24.5746,-89.2484,-130.067
24.5996,-91.3629,-129.618
24.6246,-92.3669,-129.284
24.6496,-92.1502,-129.069
24.6746,-91.1547,-129.04
24.6997,-89.096,-129.987
24.7247,-86.113,-130.835
24.7497,-82.0964,-131.772
24.7748,-77.3629,-133.222
24.7998,-71.4529,-134.512
24.8248,-65.311,-135.789
24.8498,-58.1256,-137.02
24.8749,-50.5095,-138.386
24.8999,-42.2227,-139.473
24.9249,-33.9391,-140.683
24.9499,-25.2151,-141.952
24.9749,-17.0472,-142.194
,25,-8.10681,-141.714
25.025,0.594532,-141.565
25.05,9.03271,-141.254
25.0751,16.7889,-140.823
25.1001,24.3636,-139.8
25.1251,30.7896,-138.956
25.1501,36.8237,-138.113
25.1752,41.8537,-137.241
25.2002,46.5731,-136.509
25.2252,49.7334,-136.25
25.2502,52.4207,-135.518
25.2752,53.7325,-135.449
25.3003,54.1403,-135.523
25.3253,53.6875,-135.538
25.3503,51.8293,-136.159
25.3754,49.575,-136.421
25.4004,45.7321,-137.278
25.4254,41.5107,-138.12
25.4504,35.9681,-138.951
25.4755,29.584,-139.776
25.5005,22.7695,-140.515
25.5255,15.3716,-141.223
25.5505,7.34476,-141.344
25.5755,-1.37669,-141.669
25.6006,-10.1215,-141.898
25.6256,-19.4425,-142.055
25.6506,-27.6626,-141.263
25.6757,-35.8707,-140.172
25.7007,-44.4941,-138.588
25.7257,-52.5227,-137.236
25.7507,-60.3104,-136.01
25.7758,-67.1785,-134.669
25.8008,-73.5116,-133.459
25.8258,-79.0163,-132.212
25.8508,-83.9655,-131.151
25.8758,-87.383,-130.077
25.9009,-90.1586,-129.527
25.9259,-92.0026,-129.199
25.9509,-92.5381,-128.958
25.976,-92.028,-128.981
26.001,-90.7739,-129.656
26.026,-88.1782,-130.116
26.051,-84.5201,-131.166
26.0761,-80.1769,-132.329
26.1011,-74.5088,-133.489
26.1261,-68.3031,-134.648
26.1511,-61.2428,-136
26.1761,-53.4104,-137.389
26.2012,-45.1019,-138.604
26.2262,-36.7164,-139.915
26.2512,-27.8637,-140.782
26.2763,-18.8483,-141.126
26.3013,-9.65825,-141.214
26.3263,-0.0877717,-141.11
26.3513,8.49449,-140.995
26.3764,16.7117,-140.662
26.4014,24.6221,-139.902
26.4264,31.5742,-139.632
26.4514,37.8132,-138.936
26.4764,43.4614,-138.173
26.5015,47.922,-137.395
26.5265,51.5463,-136.937
26.5515,53.8047,-136.449
26.5766,55.3376,-136.142
26.6016,55.6265,-136.079
26.6266,54.7175,-136.413
26.6516,52.8302,-136.536
26.6767,50.295,-136.718
26.7017,46.4907,-137.32
26.7267,41.6331,-138.131
26.7517,35.6702,-138.862
26.7767,29.1433,-139.562
26.8018,21.8661,-140.229
26.8268,14.459,-140.347
26.8518,5.82819,-141.023
26.8769,-2.67037,-140.844
26.9019,-11.5425,-140.982
26.9269,-20.7985,-141.095
26.9519,-29.3499,-140.947
26.977,-37.5934,-140.652
27.002,-45.4133,-139.279
27.027,-53.3449,-137.468
27.052,-60.7706,-136.176
27.077,-67.2388,-134.816
27.1021,-73.1683,-133.583
27.1271,-78.1445,-132.38
27.1521,-82.1942,-131.348
27.1772,-85.3447,-130.921
27.2022,-87.5648,-130.083
27.2272,-88.7111,-129.819
27.2522,-89.1373,-129.85
27.2773,-88.3625,-130.023
27.3023,-86.7534,-130.199
27.3273,-84.2409,-131.007
27.3523,-80.7092,-132.043
27.3773,-76.2432,-133.337
27.4024,-71.1889,-134.352
27.4274,-65.2511,-135.775
27.4524,-58.5222,-136.881
27.4775,-51.3676,-138.209
27.5025,-43.4686,-139.349
27.5275,-35.2719,-140.388
27.5525,-27.5045,-141.648
27.5775,-19.6319,-142.066
27.6026,-10.7396,-141.547
27.6276,-2.19983,-141.551
27.6526,5.92938,-141.287
27.6776,13.5974,-140.648
27.7027,20.7994,-140.371
27.7277,27.5466,-139.602
27.7527,33.6507,-138.901
27.7778,38.7911,-138.089
27.8028,43.6065,-137.399
27.8278,47.2448,-136.642
27.8528,49.7974,-136.461
27.8778,51.6713,-136.392
27.9029,52.4533,-136.218
27.9279,52.3626,-136.343
27.9529,50.9174,-136.662
27.9779,48.6149,-137.141
28.003,45.5883,-137.736
28.028,41.5687,-138.2
28.053,36.5299,-139.019
28.078,30.5671,-139.829
28.1031,23.8352,-140.572
28.1281,16.5287,-141.293
28.1531,8.98557,-141.388
28.1782,0.523764,-141.742
28.2032,-7.84067,-141.657
28.2282,-16.6171,-141.704
28.2532,-24.7404,-141.471
28.2782,-32.998,-140.663
28.3033,-41.4916,-139.325
28.3283,-49.9287,-138.028
28.3533,-57.449,-136.955
28.3783,-64.3715,-135.654
28.4034,-70.6456,-134.509
28.4284,-76.1943,-133.239
28.4534,-80.9665,-132.246
28.4785,-84.9637,-131.373
28.5035,-87.5967,-130.592
28.5285,-89.2418,-130.144
28.5535,-90.1179,-129.961
28.5785,-90.0095,-129.986
28.6036,-88.3982,-130.28
28.6286,-86.1026,-131.012
28.6536,-82.9316,-131.93
28.6786,-78.566,-132.576
28.7037,-73.3417,-133.814
28.7287,-67.3704,-135.437
28.7537,-60.5482,-136.369
28.7788,-53.1866,-137.931
28.8038,-44.8028,-139.206
28.8288,-36.4646,-140.509
28.8538,-28.3225,-141.313
28.8788,-20.1955,-141.959
28.9039,-11.3384,-141.678
28.9289,-1.97043,-141.536
28.9539,6.4912,-141.341
28.9789,14.5072,-141.221
29.004,22.0012,-140.654
29.029,28.7171,-139.819
29.054,34.748,-139.467
29.0791,40.0542,-138.94
29.1041,44.6375,-138.241
29.1291,48.3029,-137.523
29.1541,50.66,-137.298
29.1791,52.4972,-136.828
29.2042,52.7541,-136.558
29.2292,52.2433,-136.51
29.2542,50.7534,-136.618
29.2792,47.8861,-137.228
29.3043,44.6252,-137.488
29.3293,40.1336,-138.148
29.3543,34.6053,-138.846
29.3794,28.6062,-139.215
29.4044,21.7658,-139.734
29.4294,14.5004,-140.255
29.4544,6.59592,-140.869
29.4794,-1.44776,-140.812
29.5045,-9.6597,-140.699
29.5295,-18.7757,-140.779
29.5545,-26.834,-140.879
29.5795,-34.6329,-140.616
29.6046,-42.1643,-139.555
29.6296,-49.8164,-138.085
29.6546,-57.2575,-136.893
29.6797,-63.6601,-135.666
29.7047,-69.3136,-134.667
29.7297,-74.2767,-133.486
29.7547,-78.3497,-132.471
29.7797,-81.8804,-131.376
29.8048,-84.269,-131.077
29.8298,-85.9699,-130.712
29.8548,-86.332,-130.313
29.8798,-86.0551,-130.368
29.9049,-84.8477,-130.985
29.9299,-82.4552,-131.443
29.9549,-79.3519,-132.279
29.98,-75.3389,-133.365
30.005,-70.5064,-134.397
30.03,-65.1251,-135.692
30.055,-59.0258,-136.711
30.08,-52.2274,-138.058
30.1051,-44.6829,-139.216
30.1301,-37.189,-140.027
30.1551,-29.5032,-141.585
30.1802,-21.6627,-141.43
30.2052,-13.4676,-141.361
30.2302,-4.63947,-141.076
30.2552,3.2238,-140.933
30.2802,10.6836,-140.932
30.3053,17.8972,-140.388
30.3303,24.7037,-139.726
30.3553,30.7133,-139.007
30.3803,36.4082,-138.086
30.4054,40.7123,-137.959
30.4304,44.6315,-137.306
30.4554,47.6538,-136.786
30.4805,49.6025,-136.471
30.5055,50.5916,-136.429
30.5305,50.6493,-136.441
30.5555,49.6623,-136.555
30.5805,47.6164,-137.201
30.6056,44.6686,-137.612
30.6306,40.6652,-138.129
30.6556,35.8585,-138.992
30.6806,30.371,-139.733
30.7057,24.1189,-140.326
30.7307,17.3438,-140.499
30.7557,9.70825,-141.17
30.7808,1.94373,-141.243
30.8058,-6.60106,-141.515
30.8308,-15.3287,-141.472
30.8558,-23.1275,-141.341
30.8808,-31.3576,-140.84
30.9059,-39.2313,-139.486
30.9309,-47.4082,-138.339
30.9559,-55.2752,-137.05
30.9809,-62.2463,-135.796
31.006,-68.2825,-134.679
31.031,-74.0053,-133.448
31.056,-78.3474,-132.422
31.0811,-82.092,-131.833
31.1061,-85.0878,-131.061
31.1311,-86.9674,-130.814
31.1561,-87.9276,-130.29
31.1811,-88.015,-130.196
31.2062,-86.4546,-130.611
31.2312,-84.2077,-131.19
31.2562,-81.1958,-132.166
31.2812,-77.2345,-133.291
31.3063,-72.3131,-134.084
31.3313,-66.5443,-135.591
31.3563,-60.2564,-136.732
31.3814,-53.1908,-138.04
31.4064,-45.3356,-139.198
31.4314,-37.3979,-140.539
31.4564,-29.5722,-141.345
31.4814,-21.5405,-141.971
31.5065,-13.3124,-142.146
31.5315,-4.50703,-141.827
31.5565,3.71979,-141.73
31.5816,11.5425,-141.421
31.6066,18.6655,-141.053
31.6316,25.5005,-140.585
31.6566,31.5384,-139.919
31.6817,36.7159,-139.136
31.7067,41.3335,-138.515
31.7317,44.6629,-138.213
31.7567,47.4584,-137.443
31.7817,48.8676,-137.346
31.8068,49.5749,-137.203
31.8318,49.4028,-137.175
31.8568,47.7518,-137.337
31.8819,45.6017,-137.346
31.9069,42.4915,-138.003
31.9319,38.5014,-138.15
31.9569,33.5811,-138.918
31.982,27.6927,-139.723
32.007,21.5175,-140.215
32.032,14.6154,-140.394
32.057,7.44082,-141.041
32.0821,-0.26691,-141.001
32.1071,-8.39859,-141.328
32.1321,-16.5548,-141.297
32.1571,-24.693,-141.405
32.1822,-32.0091,-141.036
32.2072,-39.3954,-140.179
32.2322,-47.1421,-138.691
32.2572,-54.2405,-137.248
32.2822,-60.4682,-136.046
32.3073,-66.2129,-135.097
32.3323,-71.2404,-133.696
32.3573,-75.5419,-133.135
32.3824,-79.0966,-132.331
32.4074,-81.4769,-131.465
32.4324,-83.2045,-131.174
32.4574,-84.0971,-131.098
32.4825,-84.1136,-131.091
32.5075,-83.1289,-131.21
32.5325,-81.2268,-131.573
32.5575,-78.2662,-132.35
32.5825,-74.5042,-133.418
32.6076,-70.2954,-134.359
32.6326,-65.1879,-135.614
32.6576,-59.3297,-136.689
32.6827,-53.1406,-137.822
32.7077,-45.9956,-138.684
32.7327,-38.6151,-140.017
32.7577,-31.2275,-140.981
32.7828,-23.9848,-141.39
32.8078,-15.7865,-141.136
32.8328,-7.39111,-141.034
32.8578,0.519568,-140.815
32.8828,7.97781,-140.952
32.9079,15.3438,-140.323
32.9329,21.7577,-139.967
32.9579,27.8049,-139.378
32.983,33.4837,-138.832
33.008,37.9083,-138.163
33.033,41.6225,-137.977
33.058,44.7023,-137.357
33.0831,46.6958,-137.285
33.1081,47.7227,-137.245
33.1331,47.7826,-137.282
33.1581,47.0099,-137.403
33.1831,45.4984,-137.489
33.2082,42.6176,-138.144
33.2332,38.8638,-138.629
33.2582,34.5299,-139.176
33.2833,28.9187,-139.726
33.3083,22.8387,-140.542
33.3333,16.4715,-140.655
33.3583,9.12153,-141.158
33.3834,1.60824,-141.07
33.4084,-6.94699,-141.412
33.4334,-14.7773,-141.407
33.4584,-23.2043,-141.551
33.4834,-30.6163,-140.921
33.5085,-38.4711,-139.66
33.5335,-46.0933,-138.371
33.5585,-53.483,-137.2
33.5836,-60.3465,-135.974
33.6086,-66.3098,-134.897
33.6336,-71.3483,-133.653
33.6586,-76.2122,-132.816
33.6837,-79.7761,-132.198
33.7087,-82.8832,-131.256
33.7337,-84.8322,-130.99
33.7587,-85.7527,-130.807
33.7837,-85.9253,-130.917
33.8088,-84.7621,-131.075
33.8338,-82.9597,-131.409
33.8588,-80.1776,-132.267
33.8839,-76.2615,-133.317
33.9089,-71.7665,-134.024
33.9339,-66.2471,-135.079
33.9589,-60.2669,-135.967
33.984,-53.3839,-137.199
34.009,-46.3322,-138.29
34.034,-38.6406,-139.554
34.059,-31.1153,-140.269
34.084,-23.8566,-141.064
34.1091,-15.759,-141.359
34.1341,-8.01313,-141.421
34.1591,1.21348,-140.916
34.1842,8.57304,-140.997
34.2092,15.5939,-140.401
34.2342,21.7762,-140.376
34.2592,27.8101,-139.675
34.2843,32.7365,-138.909
34.3093,37.472,-138.32
34.3343,40.7204,-138.03
34.3593,43.5925,-137.29
34.3843,45.2645,-137.174
34.4094,45.899,-137.138
34.4344,45.7524,-137.143
34.4594,44.6587,-137.18
34.4845,42.6585,-137.205
34.5095,39.6791,-137.967
34.5345,35.8913,-138.088
34.5595,31.5402,-138.795
34.5846,25.9438,-139.625
34.6096,20.2996,-139.748
34.6346,13.8886,-140.25
34.6596,6.63713,-140.807
34.6846,-0.46866,-140.821
34.7097,-8.05966,-141.065
34.7347,-16.5094,-140.744
34.7597,-24.5269,-140.861
34.7848,-31.4961,-140.596
34.8098,-38.4884,-139.713
34.8348,-45.4823,-138.525
34.8598,-52.3009,-137.309
34.8849,-58.3753,-136.109
34.9099,-64.2659,-135.222
34.9349,-69.1902,-134.007
34.9599,-73.4899,-133.297
34.9849,-77.0766,-132.342
35.01,-79.8457,-131.67
35.035,-81.8106,-131.343
35.06,-82.9882,-131.087
35.0851,-83.1431,-131.076
35.1101,-82.2283,-131.225
35.1351,-80.7819,-131.455
35.1601,-78.2208,-132.275
35.1852,-75.2217,-132.749
35.2102,-70.9057,-133.743
35.2352,-66.2809,-134.672
35.2602,-60.4223,-135.864
35.2852,-54.4574,-137.083
35.3103,-47.639,-137.809
35.3353,-40.5946,-138.629
35.3603,-33.8806,-139.607
35.3854,-27.1682,-139.755
35.4104,-18.5175,-140.218
35.4354,-10.2778,-140.47
35.4604,-2.32844,-140.515
35.4855,5.33925,-140.268
35.5105,12.2671,-139.926
35.5355,18.7333,-139.649
35.5605,24.8888,-138.988
35.5855,29.9522,-138.73
35.6106,34.7647,-138.01
35.6356,38.5067,-137.737
35.6606,41.6705,-137.259
35.6857,43.6746,-137.151
35.7107,44.7945,-137.143
35.7357,45.1612,-137.163
35.7607,44.5313,-137.214
35.7858,42.8066,-137.395
35.8108,39.963,-137.924
35.8358,36.6058,-138.182
35.8608,32.4949,-138.839
35.8858,27.5466,-139.151
35.9109,21.5769,-139.674
35.9359,15.2689,-139.983
35.9609,8.37222,-140.295
35.986,0.94113,-140.597
36.011,-7.30914,-140.58
36.036,-15.6288,-140.429
36.061,-23.8818,-140.054
36.0861,-31.1989,-139.809
36.1111,-38.277,-139.041
36.1361,-45.4202,-138.026
36.1611,-52.3818,-137.088
36.1861,-58.7892,-135.973
36.2112,-64.6798,-134.968
36.2362,-69.7239,-133.741
36.2612,-74.1645,-132.991
36.2863,-77.6775,-132.274
36.3113,-80.3865,-131.565
36.3363,-82.1875,-131.249
36.3613,-83.1785,-131.085
36.3864,-83.2027,-131.113
36.4114,-82.2104,-131.225
36.4364,-80.2054,-131.458
36.4614,-77.5538,-132.337
36.4864,-74.1297,-132.818
36.5115,-69.8303,-133.759
36.5365,-65.1076,-134.837
36.5615,-59.2439,-135.897
36.5866,-53.1739,-137.087
36.6116,-46.2791,-137.777
36.6366,-39.0567,-138.646
36.6616,-31.6645,-139.631
36.6867,-25.2586,-139.928
36.7117,-17.3956,-140.377
36.7367,-9.99427,-140.584
36.7617,-1.26696,-140.725
36.7867,5.6862,-140.784
36.8118,12.662,-140.242
36.8368,18.8385,-140.083
36.8618,24.5932,-139.535
36.8869,29.6282,-138.928
36.9119,33.9096,-138.471
36.9369,37.4686,-138.025
36.9619,39.9661,-137.691
36.987,41.8397,-137.377
37.012,42.6752,-137.155
37.037,42.6626,-137.128
37.062,41.7121,-137.153
37.087,40.3576,-137.22
37.1121,37.5398,-137.581
37.1371,34.4514,-138.064
37.1621,29.8542,-138.736
37.1872,25.0652,-139.441
37.2122,19.5046,-139.604
37.2372,13.4492,-140.14
37.2622,6.64871,-140.657
37.2873,-0.381577,-140.79
37.3123,-7.47036,-140.813
37.3373,-15.4695,-140.839
37.3623,-23.2254,-140.977
37.3873,-30.2517,-140.532
37.4124,-36.7175,-139.847
37.4374,-43.4183,-138.836
37.4624,-50.2408,-137.726
37.4875,-56.4078,-136.73
37.5125,-62.0331,-135.818
37.5375,-67.0747,-134.697
37.5625,-71.3742,-133.9
37.5876,-74.9747,-132.906
37.6126,-78.0691,-132.301
37.6376,-80.0462,-131.996
37.6626,-81.2067,-131.547
37.6876,-81.4089,-131.467
37.7127,-80.9791,-131.429
37.7377,-79.4198,-131.609
37.7627,-77.2115,-132.409
37.7878,-74.2214,-132.923
37.8128,-70.2711,-133.691
37.8378,-65.5512,-134.809
37.8628,-60.3201,-135.805
37.8879,-54.3438,-136.261
37.9129,-48.0745,-137.44
37.9379,-41.4538,-138.171
37.9629,-35.0483,-138.797
37.9879,-28.3949,-139.195
38.013,-20.2743,-139.772
38.038,-11.9719,-140.31
38.063,-4.28509,-140.382
38.0881,2.87065,-140.228
38.1131,9.66132,-139.978
38.1381,16.2136,-139.663
38.1631,22.3704,-139.275
38.1882,27.6076,-138.824
38.2132,32.4389,-138.071
38.2382,36.4608,-137.845
38.2632,39.112,-137.435
38.2882,41.3803,-137.208
38.3133,42.6599,-137.139
38.3383,42.7604,-137.138
38.3633,42.4248,-137.168
38.3884,40.8494,-137.283
38.4134,38.4924,-137.869
38.4384,34.9151,-138.036
38.4634,30.7636,-138.706
38.4885,26.2246,-138.789
38.5135,20.5492,-139.476
38.5385,14.568,-139.517
38.5635,7.66928,-140.082
38.5885,0.661164,-139.968
38.6136,-6.62928,-140.012
38.6386,-15.1802,-139.682
38.6636,-23.0326,-139.286
38.6887,-30.477,-138.901
38.7137,-37.1714,-138.08
38.7387,-44.0652,-137.368
38.7637,-50.7896,-136.722
38.7888,-57.1041,-136.024
38.8138,-62.5118,-134.878
38.8388,-67.4377,-133.774
38.8638,-72.0583,-133.129
38.8888,-75.3651,-132.506
38.9139,-78.1653,-131.671
38.9389,-80.1384,-131.31
38.9639,-81.1312,-131.219
38.989,-81.2098,-131.219
39.014,-80.3153,-131.285
39.039,-78.9778,-131.396
39.064,-76.2587,-132.382
39.0891,-72.8649,-132.705
39.1141,-69.0719,-133.696
39.1391,-64.3309,-134.643
39.1641,-58.9275,-135.845
39.1891,-53.1646,-136.291
39.2142,-46.4597,-137.432
39.2392,-39.6414,-138.362
39.2642,-32.7356,-138.939
39.2892,-26.4592,-139.339
39.3143,-19.2657,-139.747
39.3393,-11.9063,-140.253
39.3643,-3.49036,-140.538
39.3894,3.7162,-140.245
39.4144,10.2548,-140.039
39.4394,16.4962,-139.5
39.4644,21.7176,-139.262
39.4894,26.8677,-138.82
39.5145,31.0771,-138.161
39.5395,34.5576,-137.895
39.5645,37.3434,-137.108
39.5896,39.3515,-137.023
39.6146,40.1826,-137.024
39.6396,40.4944,-136.939
39.6646,39.6954,-137.033
39.6897,38.3773,-137.057
39.7147,35.802,-137.574
39.7397,32.7133,-137.928
39.7647,28.6998,-138.527
39.7897,24.4432,-138.722
39.8148,18.8718,-139.426
39.8398,13.1402,-139.534
39.8648,6.84267,-140.024
39.8898,0.500808,-140.018
39.9149,-6.64976,-140.166
39.9399,-14.5338,-140.262
39.9649,-21.732,-139.913
39.99,-28.4897,-139.618
40.015,-34.8961,-139.068
40.04,-41.3633,-138.503
40.065,-47.9139,-137.387
40.09,-54.2254,-136.193
40.1151,-59.5489,-135.74
40.1401,-64.3916,-134.883
40.1651,-68.8698,-133.785
40.1902,-72.3268,-133.402
40.2152,-75.2821,-132.537
40.2402,-77.2776,-132.298
40.2652,-78.4009,-131.977
40.2903,-79.0442,-131.751
40.3153,-78.4953,-131.764
40.3403,-77.2275,-131.96
40.3653,-75.1871,-132.584
40.3903,-72.245,-133.346
40.4154,-68.5943,-134.006
40.4404,-64.2378,-134.764
40.4654,-59.255,-135.882
40.4905,-53.434,-136.995
40.5155,-47.3768,-137.563
40.5405,-40.7678,-138.492
40.5655,-34.5253,-139.401
40.5906,-27.8135,-139.853
40.6156,-20.2143,-140.132
40.6406,-12.262,-140.421
40.6656,-4.56151,-140.524
40.6906,2.43248,-140.304
40.7157,9.32373,-140.123
40.7407,15.4423,-139.987
40.7657,21.4683,-139.571
40.7908,26.4246,-139.196
40.8158,31.0086,-138.854
40.8408,34.7291,-138.675
40.8658,37.6293,-138.13
40.8909,39.6717,-137.974
40.9159,40.7955,-138.001
40.9409,41.335,-137.923
40.9659,40.6505,-138.089
40.9909,39.4322,-138.125
41.016,36.9053,-138.721
41.041,33.8684,-138.907
41.066,29.7061,-139.561
41.0911,25.4156,-139.687
41.1161,19.851,-140.39
41.1411,13.9015,-140.382
41.1661,7.52735,-140.987
41.1912,0.555191,-140.868
41.2162,-6.288,-140.881
41.2412,-14.2308,-140.842
41.2662,-21.836,-140.782
41.2912,-28.7354,-140.617
41.3163,-35.4986,-140.141
41.3413,-41.6471,-139.282
41.3663,-48.1447,-138.155
41.3914,-54.3479,-137.224
41.4164,-59.944,-136.157
41.4414,-64.9165,-135.57
41.4664,-69.1666,-134.557
41.4915,-72.4197,-133.897
41.5165,-75.2656,-133.342
41.5415,-77.1392,-132.796
41.5665,-78.1817,-132.401
41.5915,-78.2391,-132.369
41.6166,-77.5724,-132.447
41.6416,-76.1736,-132.556
41.6666,-73.7902,-133.333
41.6917,-71.0385,-133.733
41.7167,-67.2486,-134.705
41.7417,-62.6337,-135.424
41.7667,-57.3941,-136.556
41.7918,-51.6111,-137.304
41.8168,-45.4678,-138.389
41.8418,-39.2203,-139.197
41.8668,-32.5203,-140.194
41.8918,-26.3779,-140.507
41.9169,-19.4881,-141.213
41.9419,-12.1527,-141.273
41.9669,-4.59082,-141.005
41.992,2.11258,-140.802
42.017,8.51916,-140.761
42.042,14.5651,-140.373
42.067,19.7653,-140.071
42.0921,24.606,-139.652
42.1171,28.8151,-139.063
42.1421,32.3176,-138.811
42.1671,35.3015,-138.26
42.1921,37.126,-138.084
42.2172,37.9533,-137.93
42.2422,38.4603,-137.877
42.2672,37.7701,-137.978
42.2923,36.6215,-138.031
42.3173,34.5061,-138.667
42.3423,31.5855,-138.809
42.3673,27.7259,-139.515
42.3924,23.5952,-139.634
42.4174,18.559,-140.384
42.4424,13.0073,-140.457
42.4674,7.05704,-140.989
42.4924,0.906082,-140.935
42.5175,-5.83678,-141.098
42.5425,-13.4249,-141.164
42.5675,-20.378,-141.302
42.5926,-27.3261,-140.899
42.6176,-33.2578,-140.319
42.6426,-39.6725,-139.608
42.6676,-46.1525,-138.419
42.6927,-52.2988,-137.734
42.7177,-57.5126,-136.833
42.7427,-62.3295,-135.946
42.7677,-66.4508,-134.975
42.7927,-70.2714,-134.537
42.8178,-73.1422,-133.606
42.8428,-75.1474,-133.376
42.8678,-76.4342,-133.155
42.8929,-76.9079,-133.165
42.9179,-76.4825,-133.298
42.9429,-75.2904,-133.432
42.9679,-73.3101,-133.827
42.993,-70.461,-134.436
43.018,-67.143,-135.149
43.043,-62.8806,-135.791
43.068,-58.1954,-136.855
43.093,-52.5224,-137.436
43.1181,-46.5076,-138.476
43.1431,-40.366,-139.4
43.1681,-34.1627,-140.307
43.1932,-27.7856,-140.879
43.2182,-20.4594,-141.089
43.2432,-13.3881,-141.297
43.2682,-5.53436,-140.907
43.2933,1.33765,-140.918
43.3183,7.65614,-140.964
43.3433,13.6756,-140.768
43.3683,19.3229,-140.433
43.3933,24.3322,-140.11
43.4184,28.6467,-139.757
43.4434,32.3385,-139.542
43.4684,35.4853,-139.072
43.4935,37.4056,-138.975
43.5185,38.6324,-138.812
43.5435,38.7905,-138.913
43.5685,38.5202,-138.955
43.5936,37.2216,-139.016
43.6186,35.2718,-139.11
43.6436,32.2324,-139.379
43.6686,28.5812,-139.842
43.6936,24.1296,-140.362
43.7187,19.3193,-140.647
43.7437,13.543,-140.964
43.7687,7.56768,-141.276
43.7938,1.25826,-141.256
43.8188,-5.57482,-141.405
43.8438,-12.5005,-141.436
43.8688,-19.6801,-141.329
43.8939,-26.241,-141.402
43.9189,-33.249,-140.87
43.9439,-39.3396,-139.873
43.9689,-45.5504,-138.711
43.9939,-51.3567,-137.586
44.019,-56.8624,-136.773
44.044,-61.6478,-136.019
44.069,-65.5133,-135.07
44.0941,-68.9081,-134.628
44.1191,-71.4953,-133.818
44.1441,-73.3512,-133.499
44.1691,-74.3361,-133.355
44.1942,-74.6872,-133.387
44.2192,-74.1088,-133.443
44.2442,-72.5752,-133.569
44.2692,-70.4183,-134.323
44.2942,-67.4917,-134.652
44.3193,-64.0848,-135.707
44.3443,-59.9262,-136.093
44.3693,-55.1268,-137.137
44.3944,-50.0444,-137.947
44.4194,-43.8266,-139.133
44.4444,-37.7687,-139.831
44.4694,-31.2577,-140.953
44.4945,-25.1979,-141.509
44.5195,-18.4637,-141.373
44.5445,-12.1467,-141.477
44.5695,-4.70608,-141.149
44.5945,1.54767,-140.979
44.6196,7.61172,-140.976
44.6446,13.532,-140.481
44.6696,18.5893,-140.301
44.6947,23.4719,-139.716
44.7197,27.5211,-139.546
44.7447,30.8313,-139.135
44.7697,33.6257,-138.791
44.7948,35.5443,-138.709
44.8198,36.6555,-138.489
44.8448,37.3615,-138.321
44.8698,36.8732,-138.46
44.8948,35.6268,-138.556
44.9199,33.6197,-138.885
44.9449,30.8574,-139.004
44.9699,27.5092,-139.653
44.995,23.5515,-139.762
45.02,18.6272,-140.422
45.045,13.4822,-140.46
45.07,7.59569,-141.036
45.0951,1.6123,-140.938
45.1201,-4.77653,-141.045
45.1451,-11.5961,-141.163
45.1701,-18.4394,-141.475
45.1951,-24.6037,-141.261
45.2202,-31.1544,-140.722
45.2452,-37.3136,-139.672
45.2702,-43.5903,-138.535
45.2953,-49.5218,-137.939
45.3203,-54.8484,-137.041
45.3453,-59.4029,-136.027
45.3703,-63.7968,-135.49
45.3954,-67.1584,-134.855
45.4204,-70.1751,-134.369
45.4454,-72.1132,-133.776
45.4704,-73.3559,-133.52
45.4954,-73.9174,-133.473
45.5205,-73.5636,-133.499
45.5455,-72.3569,-133.596
45.5705,-70.4205,-134.271
45.5956,-67.9016,-134.695
45.6206,-64.4356,-135.641
45.6456,-60.3776,-136.003
45.6706,-55.6038,-137.072
45.6957,-50.3739,-137.822
45.7207,-44.2582,-139.104
45.7457,-38.4999,-139.864
45.7707,-32.0581,-140.908
45.7957,-25.7558,-141.104
45.8208,-19.161,-141.306
45.8458,-12.6727,-141.373
45.8708,-5.50963,-141.352
45.8959,1.24747,-141.164
45.9209,7.52703,-141.068
45.9459,13.4092,-141.039
45.9709,18.635,-140.484
45.996,23.4476,-140.411
46.021,27.659,-139.817
46.046,31.1628,-139.746
46.071,34.0911,-139.255
46.096,35.7764,-139.072
46.1211,36.8158,-138.968
46.1461,37.3488,-138.919
46.1711,36.7577,-138.988
46.1962,35.6346,-138.967
46.2212,33.6046,-139.017
46.2462,30.6431,-139.642
46.2712,27.2832,-139.702
46.2963,22.8169,-140.164
46.3213,18.2098,-140.48
46.3463,12.6606,-140.956
46.3713,7.11872,-141.105
46.3963,1.30822,-140.955
46.4214,-5.47797,-141.241
46.4464,-11.8317,-141.339
46.4714,-18.6259,-141.263
46.4965,-24.8874,-141.049
46.5215,-31.0457,-141.114
46.5465,-37.3013,-140.611
46.5715,-43.286,-139.284
46.5966,-49.1171,-138.356
46.6216,-54.4228,-137.188
46.6466,-59.1581,-136.701
46.6716,-63.1642,-135.856
46.6966,-66.2753,-135.593
46.7217,-68.9446,-134.811
46.7467,-70.9824,-134.491
46.7717,-72.0712,-134.322
46.7968,-72.3487,-134.299
46.8218,-72.0277,-134.42
46.8468,-70.7792,-134.543
46.8718,-68.6998,-134.859
46.8969,-66.1351,-135.511
46.9219,-62.5933,-136.136
46.9469,-58.5339,-136.863
46.9719,-54.2545,-137.823
46.9969,-49.2871,-138.323
47.022,-43.3333,-139.456
47.047,-37.3592,-140.181
47.072,-31.44,-141.285
47.0971,-25.5184,-142.015
47.1221,-19.5044,-142.067
47.1471,-13.414,-142.064
47.1721,-6.18486,-141.668
47.1972,0.139819,-141.659
47.2222,6.33402,-141.387
47.2472,11.6882,-141.142
47.2722,16.635,-140.863
47.2972,21.4686,-140.541
47.3223,25.5409,-140.119
47.3473,28.68,-139.819
47.3723,31.5151,-139.507
47.3974,33.5045,-139.4
47.4224,34.7895,-139.263
47.4474,35.3462,-139.065
47.4724,34.9003,-139.122
47.4975,33.7479,-139.049
47.5225,32.1761,-139.158
47.5475,29.5544,-139.709
47.5725,26.4817,-139.814
47.5975,22.4939,-140.372
47.6226,18.0428,-140.618
47.6476,12.7754,-141.137
47.6726,7.44469,-141.135
47.6977,1.53131,-141.281
47.7227,-4.67814,-141.481
47.7477,-11.0851,-141.558
47.7727,-17.6959,-141.451
47.7978,-23.8337,-141.252
47.8228,-30.2218,-140.955
47.8478,-36.1959,-140.175
47.8728,-42.1069,-139.011
47.8978,-47.8524,-138.351
47.9229,-53.2813,-137.278
47.9479,-58.1125,-136.696
47.9729,-62.1661,-135.896
47.998,-65.397,-135.558
48.023,-68.208,-134.751
48.048,-70.2294,-134.549
48.073,-71.4218,-134.242
48.0981,-72.0296,-134.322
48.1231,-71.8018,-134.41
48.1481,-70.764,-134.553
48.1731,-69.0813,-134.783
48.1981,-66.3239,-135.069
48.2232,-63.2481,-135.878
48.2482,-59.2722,-136.538
48.2732,-54.9021,-137.251
48.2982,-49.8158,-138.182
48.3233,-44.1873,-139.25
48.3483,-38.3833,-139.935
48.3733,-32.4349,-140.829
48.3984,-26.4771,-141.441
48.4234,-19.8366,-141.383
48.4484,-13.4211,-141.422
48.4734,-6.65419,-141.359
48.4984,-0.264424,-141.467
48.5235,5.79171,-141.222
48.5485,11.3931,-141.182
48.5735,16.5385,-140.726
48.5986,21.1914,-140.509
48.6236,25.3729,-139.883
48.6486,28.6082,-139.766
48.6736,31.2646,-139.519
48.6987,33.375,-139.152
48.7237,34.5656,-138.968
48.7487,34.787,-138.955
48.7737,34.53,-138.938
48.7987,33.4092,-138.935
48.8238,31.4543,-139.101
48.8488,28.6446,-139.483
48.8738,25.5472,-139.683
48.8988,21.4376,-140.006
48.9239,16.8263,-140.418
48.9489,11.8469,-140.648
48.9739,6.34099,-140.934
48.999,0.491753,-140.866
49.024,-5.5308,-140.844
49.049,-12.4116,-141.091
49.074,-18.6023,-141.108
49.099,-24.7819,-140.978
49.1241,-30.5901,-140.782
49.1491,-36.4684,-140.372
49.1741,-41.905,-139.39
49.1992,-47.2831,-138.378
49.2242,-52.5058,-137.372
49.2492,-57.2102,-136.911
49.2742,-60.8451,-135.964
49.2993,-64.276,-135.721
49.3243,-66.6271,-135.001
49.3493,-68.3465,-134.642
49.3743,-69.4101,-134.525
49.3993,-69.993,-134.534
49.4244,-69.4372,-134.568
49.4494,-68.3385,-134.658
49.4744,-66.478,-134.921
49.4994,-64.1707,-135.642
49.5245,-61.1836,-136.035
49.5495,-57.2513,-136.822
49.5745,-53.1701,-137.607
49.5996,-48.3412,-138.235
49.6246,-42.6617,-139.311
49.6496,-37.0637,-139.842
49.6746,-31.5001,-140.934
49.6996,-25.657,-141.271
49.7247,-19.7066,-141.295
49.7497,-13.5324,-141.281
49.7747,-7.27741,-141.354
49.7998,-0.793064,-141.1
49.8248,4.65517,-141.018
49.8498,10.3991,-140.948
49.8748,15.2774,-140.48
49.8999,19.6721,-140.433
49.9249,23.6701,-139.829
49.9499,27.0355,-139.701
49.9749,29.4587,-139.376
49.9999,31.4824,-139.399
50.025,32.7233,-139.099
50.05,33.3944,-138.965
50.075,33.2706,-138.959
50.1001,32.3603,-138.946
50.1251,30.5513,-139.431
50.1501,28.1831,-139.654
50.1751,25.4282,-139.832
50.2002,21.4745,-140.417
50.2252,17.379,-140.45
50.2502,12.4909,-140.993
50.2752,7.39594,-141.117
50.3002,1.56795,-141.057
50.3253,-4.48438,-141.356
50.3503,-10.6202,-141.419
50.3753,-16.6122,-141.352
50.4004,-22.6517,-141.173
50.4254,-28.4915,-141.153
50.4504,-34.4746,-140.485
50.4754,-39.9344,-139.504
50.5005,-46.0028,-138.47
50.5255,-51.2683,-137.527
50.5505,-55.9552,-137.016
50.5755,-59.775,-136.086
50.6005,-63.1662,-135.794
50.6256,-65.5976,-134.919
50.6506,-67.4695,-134.706
50.6756,-68.6002,-134.572
50.7007,-69.1967,-134.54
50.7257,-68.9686,-134.587
50.7507,-68.0631,-134.656
50.7757,-66.369,-135.093
50.8008,-63.8318,-135.453
50.8258,-60.8847,-136.02
50.8508,-57.2086,-136.832
50.8758,-52.9962,-137.539
50.9008,-48.2549,-138.238
50.9259,-42.4719,-139.297
50.9509,-37.1455,-139.865
50.9759,-31.3984,-140.847
51.001,-25.4135,-141.24
51.026,-19.559,-141.354
51.051,-13.4839,-141.373
51.076,-7.20103,-141.444
51.1011,-0.61055,-141.116
51.1261,4.89556,-141.094
51.1511,10.3756,-141.093
51.1761,15.3318,-140.54
51.2011,19.6294,-140.449
51.2262,23.5674,-140.013
51.2512,26.6415,-139.701
51.2762,29.2178,-139.313
51.3013,31.0694,-139.575
51.3263,32.282,-139.064
51.3513,32.6228,-138.979
51.3763,32.415,-138.899
51.4014,31.3353,-138.94
51.4264,29.6028,-139.149
51.4514,26.7489,-139.383
51.4764,23.7292,-139.707
51.5014,19.6693,-140.148
51.5265,15.5524,-140.319
51.5515,11.0031,-140.515
51.5765,5.49089,-140.801
51.6016,-0.305567,-140.81
51.6266,-5.81943,-140.8
51.6516,-12.3764,-140.97
51.6766,-18.4607,-141.19
51.7017,-24.4228,-141.128
51.7267,-29.9798,-140.885
51.7517,-35.4766,-140.299
51.7767,-40.7784,-139.492
51.8017,-45.8788,-138.517
51.8268,-51.0613,-137.54
51.8518,-55.3842,-137.004
51.8768,-59.0914,-136.144
51.9019,-62.242,-135.831
51.9269,-64.6111,-135.121
51.9519,-66.2989,-134.792
51.9769,-67.3737,-134.666
52.002,-67.9615,-134.593
52.027,-67.8645,-134.61
52.052,-66.6549,-134.728
52.077,-65.171,-135.194
52.102,-62.6562,-135.467
52.1271,-59.5539,-136.092
52.1521,-56.3099,-136.64
52.1771,-51.9988,-137.379
52.2022,-47.382,-138.205
52.2272,-42.3053,-138.873
52.2522,-37.1129,-139.552
52.2772,-31.5754,-140.36
52.3023,-26.14,-141.167
52.3273,-20.3197,-141.186
52.3523,-14.4954,-141.18
52.3773,-7.87591,-140.849
52.4023,-1.79703,-140.831
52.4274,3.56869,-140.889
52.4524,8.61083,-140.857
52.4774,13.5768,-140.387
52.5025,17.9546,-140.37
52.5275,21.6821,-139.867
52.5525,24.8226,-139.633
52.5775,27.4673,-139.562
52.6026,29.3466,-139.389
52.6276,30.6416,-139.259
52.6526,31.1266,-138.991
52.6776,31.1022,-139.197
52.7026,29.9959,-139.106
52.7277,28.5082,-139.093
52.7527,25.8057,-139.373
52.7777,23.1598,-139.676
52.8028,19.5391,-140.152
52.8278,15.4947,-140.358
52.8528,10.8475,-140.42
52.8778,5.56977,-140.828
52.9029,0.170049,-140.813
52.9279,-5.57721,-140.809
52.9529,-11.6422,-140.725
52.9779,-18.1316,-141.122
53.0029,-23.7736,-140.926
53.028,-29.4125,-140.629
53.053,-35.0391,-139.874
53.078,-40.352,-139.113
53.1031,-45.4265,-138.422
53.1281,-50.4664,-137.417
53.1531,-55.0677,-136.924
53.1781,-58.7422,-136.122
53.2032,-61.8432,-135.78
53.2282,-64.3698,-135.031
53.2532,-66.2684,-134.812
53.2782,-67.3332,-134.631
53.3032,-67.9452,-134.563
53.3283,-67.743,-134.631
53.3533,-66.4472,-134.729
53.3783,-65.0679,-134.971
53.4034,-62.5187,-135.237
53.4284,-59.3997,-135.918
53.4534,-56.2044,-136.257
53.4784,-51.7495,-137.215
53.5035,-47.248,-137.585
53.5285,-41.7013,-138.591
53.5535,-36.4716,-139.344
53.5785,-30.9653,-140.313
53.6035,-25.6348,-140.412
53.6286,-19.5543,-140.595
53.6536,-13.6313,-140.533
53.6786,-7.56568,-140.631
53.7037,-1.70156,-140.718
53.7287,3.80245,-140.725
53.7537,8.62724,-140.661
53.7787,13.5867,-140.307
53.8038,17.7795,-140.349
53.8288,21.5333,-139.862
53.8538,24.5871,-139.619
53.8788,26.7961,-139.471
53.9038,28.5925,-139.368
53.9289,29.6903,-139.1
53.9539,30.0226,-139.057
53.9789,29.6256,-138.868
54.004,28.5939,-138.852
54.029,26.8536,-139.022
54.054,24.3987,-139.093
54.079,21.5823,-139.535
54.1041,18.2391,-139.724
54.1291,13.7257,-140.121
54.1541,9.51655,-140.159
54.1791,4.47155,-140.262
54.2041,-1.11009,-140.453
54.2292,-6.58384,-140.608
54.2542,-12.5666,-140.473
54.2792,-18.6128,-140.454
54.3042,-24.127,-140.307
54.3293,-30.0515,-139.989
54.3543,-34.8379,-139.731
54.3793,-40.2974,-138.674
54.4044,-45.0801,-138.248
54.4294,-50.0824,-137.331
54.4544,-54.2562,-136.951
54.4794,-57.6508,-136.12
54.5044,-60.4815,-135.921
54.5295,-63.1396,-135.256
54.5545,-64.6834,-134.896
54.5795,-65.8407,-134.717
54.6046,-66.2963,-134.68
54.6296,-66.2474,-134.683
54.6546,-65.2653,-134.768
54.6796,-63.657,-135.002
54.7047,-61.3107,-135.222
54.7297,-58.4763,-135.987
54.7547,-55.3176,-136.163
54.7797,-51.2831,-137.14
54.8047,-46.7708,-137.577
54.8298,-41.5373,-138.443
54.8548,-36.7371,-139.029
54.8798,-31.37,-139.655
54.9048,-26.3231,-140.107
54.9299,-20.5151,-140.276
54.9549,-14.612,-140.367
54.9799,-8.54761,-140.517
55.005,-2.66846,-140.604
55.03,2.59056,-140.369
55.055,7.55083,-140.192
55.08,12.287,-139.943
55.105,16.6037,-139.729
55.1301,20.3025,-139.531
55.1551,23.4208,-139.381
55.1801,25.9454,-139
55.2052,27.6661,-138.789
55.2302,28.7528,-138.772
55.2552,29.4287,-138.767
55.2802,29.3239,-138.766
55.3053,28.4795,-138.769
55.3303,26.7846,-138.818
55.3553,24.5566,-139.044
55.3803,21.6176,-139.472
55.4053,18.4933,-139.46
55.4304,14.3428,-139.738
55.4554,9.73589,-140.027
55.4804,4.72374,-140.034
55.5054,-0.315399,-140.01
55.5305,-6.25654,-140.16
55.5555,-12.2758,-140.213
55.5805,-18.1852,-140.134
55.6056,-23.6558,-139.906
55.6306,-29.3684,-139.606
55.6556,-34.3292,-139.234
55.6806,-39.6235,-138.516
55.7056,-44.3559,-137.885
55.7307,-49.3028,-137.23
55.7557,-53.3982,-136.425
55.7807,-57.2037,-136.005
55.8058,-60.2527,-135.413
55.8308,-62.4175,-134.848
55.8558,-64.2886,-134.76
55.8808,-65.3147,-134.595
55.9059,-65.8008,-134.565
55.9309,-65.589,-134.616
55.9559,-64.4124,-134.755
55.9809,-63.1165,-134.918
56.0059,-60.9754,-135.209
56.031,-57.9282,-135.934
56.056,-54.6663,-136.248
56.081,-50.3168,-137.192
56.106,-46.1565,-137.45
56.1311,-41.1619,-138.401
56.1561,-36.3429,-138.833
56.1811,-30.9135,-139.588
56.2062,-26.0465,-139.967
56.2312,-20.0999,-140.214
56.2562,-14.4885,-140.489
56.2812,-8.62536,-140.575
56.3062,-2.8922,-140.652
56.3313,2.5103,-140.623
56.3563,7.45802,-140.445
56.3813,11.8782,-140.178
56.4064,15.7974,-140.183
56.4314,19.4004,-139.683
56.4564,22.4743,-139.543
56.4814,24.6526,-139.433
56.5065,26.5206,-139.105
56.5315,27.5857,-138.792
56.5565,27.7646,-138.806
56.5815,27.5857,-138.746
56.6065,26.5898,-138.71
56.6316,25.1639,-138.751
56.6566,22.7589,-138.962
56.6816,19.7227,-139.395
56.7066,16.591,-139.384
56.7317,12.5951,-139.679
56.7567,8.20755,-139.935
56.7817,3.55325,-139.963
56.8068,-1.42563,-139.902
56.8318,-6.86681,-139.942
56.8568,-12.732,-139.702
56.8818,-18.3888,-139.328
56.9068,-23.6191,-139.071
56.9319,-29.1565,-138.575
56.9569,-34.0387,-138.427
56.9819,-39.171,-137.904
57.007,-43.7244,-137.449
57.032,-48.3276,-137.053
57.057,-52.2596,-136.376
57.082,-55.8978,-135.856
57.1071,-59.0751,-135.486
57.1321,-61.2664,-134.96
57.1571,-63.0942,-134.842
57.1821,-64.2192,-134.703
57.2071,-64.4719,-134.715
57.2322,-64.3453,-134.758
57.2572,-63.3428,-134.82
57.2822,-62.0764,-134.949
57.3072,-59.7821,-135.344
57.3323,-57.2338,-135.961
57.3573,-54.0092,-136.193
57.3823,-50.2909,-137.158
57.4074,-46.0994,-137.417
57.4324,-41.3668,-138.073
57.4574,-36.6704,-138.763
57.4824,-31.6042,-139.063
57.5074,-26.8563,-139.342
57.5325,-21.1945,-139.589
57.5575,-15.4702,-140.058
57.5825,-9.69042,-140.332
57.6076,-3.9596,-140.339
57.6326,1.3977,-140.194
57.6576,6.26101,-140.12
57.6826,10.6141,-140.065
57.7077,14.5948,-139.758
57.7327,18.3384,-139.456
57.7577,21.3998,-139.473
57.7827,23.6614,-139.248
57.8077,25.6078,-138.92
57.8328,26.6273,-138.728
57.8578,27.1025,-138.779
57.8828,26.7178,-138.71
57.9078,25.7094,-138.702
57.9329,24.4716,-138.836
57.9579,22.3254,-139.144
57.9829,19.5148,-139.441
58.008,16.4295,-139.414
58.033,12.4193,-139.777
58.058,7.93649,-140.098
58.083,3.4381,-140.028
58.108,-1.55579,-140.049
58.1331,-7.33062,-140.252
58.1581,-13.3731,-140.275
58.1831,-18.698,-139.989
58.2082,-24.3242,-139.729
58.2332,-29.3971,-139.608
58.2582,-34.3058,-139.153
58.2832,-39.3175,-138.529
58.3083,-44.0776,-137.98
58.3333,-48.4099,-137.373
58.3583,-52.2576,-137.008
58.3833,-55.8644,-136.274
58.4083,-59.0732,-135.995
58.4334,-61.2248,-135.494
58.4584,-62.9333,-135.177
58.4834,-64.1293,-134.876
58.5084,-64.3549,-134.832
58.5335,-64.2194,-134.833
58.5585,-63.2615,-134.882
58.5835,-61.6769,-135.133
58.6086,-59.4591,-135.578
58.6336,-56.5194,-136.121
58.6586,-53.3879,-136.517
58.6836,-49.4044,-137.258
58.7086,-45.2038,-137.488
58.7337,-40.6158,-138.449
58.7587,-35.7647,-138.841
58.7837,-31.0526,-139.207
58.8088,-26.0126,-139.252
58.8338,-20.6651,-139.912
58.8588,-15.5097,-140.274
58.8838,-9.57404,-140.467
58.9089,-3.91089,-140.573
58.9339,1.42015,-140.32
58.9589,6.26237,-140.158
58.9839,10.494,-140.116
59.0089,14.4789,-139.902
59.034,17.6364,-139.573
59.059,20.5899,-139.522
59.084,22.6165,-139.416
59.109,24.4222,-139.313
59.1341,25.5499,-138.946
59.1591,25.7221,-138.823
59.1841,25.6043,-138.725
59.2092,24.6265,-138.741
59.2342,23.2571,-138.837
59.2592,20.718,-139.221
59.2842,18.3238,-139.4
59.3092,15.2139,-139.42
59.3343,11.4334,-139.84
59.3593,7.37555,-140.01
59.3843,2.68112,-140.019
59.4094,-1.97779,-140.068
59.4344,-7.52545,-140.14
59.4594,-12.8402,-140.349
59.4844,-18.4313,-140.161
59.5095,-23.463,-140.016
59.5345,-28.5982,-139.858
59.5595,-33.3363,-139.478
59.5845,-38.2692,-138.744
59.6095,-42.5839,-138.349
59.6346,-47.0064,-137.525
59.6596,-50.7106,-137.208
59.6846,-54.2722,-136.388
59.7096,-57.2427,-136.075
59.7347,-59.2985,-135.819
59.7597,-61.1268,-135.539
59.7847,-62.1917,-135.138
59.8098,-62.4104,-135.008
59.8348,-62.3265,-134.952
59.8598,-61.3189,-134.985
59.8848,-60.1946,-135.229
59.9098,-58.0065,-135.727
59.9349,-55.4412,-136.14
59.9599,-52.3288,-136.361
59.9849,-48.5425,-137.285
60.01,-44.3195,-137.494
60.035,-40.1068,-138.178
60.06,-35.468,-138.7
60.085,-30.7281,-139.15
60.1101,-26.4494,-139.483
60.1351,-20.5836,-139.725
60.1601,-14.8662,-140.253
60.1851,-9.60175,-140.39
60.2101,-4.22632,-140.514
60.2352,0.738397,-140.32
60.2602,5.51331,-140.136
60.2852,9.5844,-140.109
60.3103,13.4816,-140.018
60.3353,16.8712,-139.653
60.3603,19.6492,-139.52
60.3853,21.7706,-139.476
60.4104,23.5557,-139.423
60.4354,24.5581,-139.313
60.4604,24.8928,-139.411
60.4854,24.7028,-139.466
60.5104,23.6966,-139.519
60.5355,22.4442,-139.577
60.5605,19.9778,-139.678
60.5855,17.5408,-139.758
60.6106,14.3791,-140.01
60.6356,10.5815,-140.214
60.6606,6.52282,-140.152
60.6856,1.7989,-140.509
60.7107,-3.04267,-140.674
60.7357,-8.35332,-140.594
60.7607,-13.7415,-140.524
60.7857,-19.3971,-140.367
60.8107,-24.6462,-140.146
60.8358,-29.5145,-139.892
60.8608,-34.3186,-139.576
60.8858,-38.7329,-138.845
60.9109,-43.2044,-138.173
60.9359,-47.2833,-137.683
60.9609,-51.3087,-137.215
60.9859,-54.3945,-136.749
61.011,-57.351,-136.223
61.036,-59.3277,-135.905
61.061,-60.9473,-135.754
61.086,-61.9588,-135.549
61.111,-62.3317,-135.605
61.1361,-62.1489,-135.705
61.1611,-61.2301,-135.813
61.1861,-59.8802,-136.05
61.2112,-58.1076,-136.166
61.2362,-55.2985,-136.847
61.2612,-52.2729,-137.166
61.2862,-48.4108,-137.961
61.3113,-44.356,-138.437
61.3363,-40.1064,-139.24
61.3613,-35.5152,-139.762
61.3863,-31.0661,-140.253
61.4113,-26.5152,-140.795
61.4364,-21.2812,-140.907
61.4614,-16.0286,-141.091
61.4864,-10.7297,-141.024
61.5114,-5.19463,-141.076
61.5365,-0.383722,-140.88
61.5615,4.23162,-140.905
61.5865,8.28431,-140.706
61.6116,11.9094,-140.469
61.6366,15.3299,-140.299
61.6616,17.6735,-140.35
61.6866,20.0792,-140.174
61.7116,21.5684,-140.081
61.7367,22.5124,-140.119
61.7617,22.826,-140.204
61.7867,22.5808,-140.371
61.8118,21.5831,-140.42
61.8368,20.415,-140.467
61.8618,18.4167,-140.558
61.8868,15.6011,-140.681
61.9119,12.5809,-140.83
61.9369,8.88886,-141.129
61.9619,4.66466,-141.084
61.9869,0.532407,-141.281
62.0119,-4.2725,-141.074
62.037,-9.39308,-141.301
62.062,-14.4908,-141.223
62.087,-19.8496,-141.363
62.112,-24.5355,-141.147
62.1371,-29.7843,-141.033
62.1621,-34.0475,-140.656
62.1871,-38.5425,-139.785
62.2122,-42.8527,-139.115
62.2372,-46.7174,-138.472
62.2622,-50.3345,-138.114
62.2872,-53.5236,-137.452
62.3122,-56.3278,-136.985
62.3373,-58.3527,-136.782
62.3623,-60.1271,-136.546
62.3873,-61.1317,-136.389
62.4124,-61.4001,-136.514
62.4374,-61.3376,-136.62
62.4624,-60.3599,-136.835
62.4874,-59.2543,-136.951
62.5125,-57.3098,-137.141
62.5375,-54.5202,-137.849
62.5625,-51.4994,-138.146
62.5875,-48.1287,-138.612
62.6125,-43.9438,-139.322
62.6376,-40.262,-139.812
62.6626,-35.5799,-140.574
62.6876,-31.4603,-141.055
62.7126,-27.0428,-141.262
62.7377,-21.485,-141.399
62.7627,-16.5337,-141.408
62.7877,-11.3184,-141.3
62.8128,-5.54235,-141.419
62.8378,-0.707619,-141.28
62.8628,3.67593,-141.169
62.8878,7.61909,-141.027
62.9128,11.3732,-141.029
62.9379,14.6437,-140.678
62.9629,17.5297,-140.435
62.9879,19.5456,-140.416
63.013,21.1443,-140.41
63.038,22.219,-140.299
63.063,22.5887,-140.394
63.088,22.5079,-140.419
63.1131,21.5138,-140.457
63.1381,19.8947,-140.531
63.1631,17.6801,-140.495
63.1881,15.3799,-140.663
63.2131,12.3903,-140.738
63.2382,8.62611,-141.085
63.2632,4.55327,-141.009
63.2882,0.441859,-141.058
63.3132,-4.2218,-141.053
63.3383,-9.40503,-141.285
63.3633,-14.4322,-141.221
63.3883,-19.6265,-141.237
63.4134,-24.5332,-141.088
63.4384,-29.7974,-140.908
63.4634,-33.9519,-140.722
63.4884,-38.2557,-140.002
63.5134,-42.4368,-139.29
63.5385,-46.344,-138.453
63.5635,-49.8571,-138.067
63.5885,-52.9432,-137.458
63.6136,-55.5929,-137.062
63.6386,-57.5558,-136.785
63.6636,-59.1761,-136.731
63.6886,-60.0627,-136.429
63.7137,-60.3354,-136.557
63.7387,-60.1767,-136.742
63.7637,-59.3079,-136.896
63.7887,-57.9693,-137.016
63.8137,-56.1706,-137.196
63.8388,-53.418,-137.978
63.8638,-50.4228,-138.223
63.8888,-46.633,-139.087
63.9138,-42.8905,-139.524
63.9389,-38.468,-140.401
63.9639,-34.3364,-140.675
63.9889,-30.2715,-141.247
64.0139,-25.8325,-141.798
64.039,-20.6063,-141.919
64.064,-15.6817,-141.811
64.089,-10.5777,-141.446
64.1141,-5.4705,-141.489
64.1391,-0.613478,-141.44
64.1641,3.62409,-141.58
64.1891,7.53364,-141.329
64.2142,10.8276,-141.237
64.2392,13.898,-141.149
64.2642,16.5067,-141.042
64.2892,18.5304,-140.855
64.3143,20.0585,-140.599
64.3393,20.6833,-140.514
64.3643,21.2291,-140.494
64.3893,20.8282,-140.492
64.4143,19.8726,-140.496
64.4394,18.5403,-140.522
64.4644,16.5151,-140.464
64.4894,13.9706,-140.79
64.5144,11.0044,-141.048
64.5395,7.53021,-141.139
64.5645,3.5692,-141.112
64.5895,-0.486878,-141.339
64.6145,-4.76646,-141.591
64.6396,-9.74018,-141.604
64.6646,-14.5126,-141.464
64.6896,-19.9118,-141.621
64.7147,-24.4397,-141.356
64.7397,-29.4423,-141.176
64.7647,-33.5588,-140.854
64.7897,-37.5932,-140.121
64.8148,-41.5721,-139.479
64.8398,-45.397,-138.545
64.8648,-48.8141,-138.192
64.8898,-51.8445,-137.519
64.9149,-54.3918,-137.17
64.9399,-56.3929,-136.935
64.9649,-58.0222,-136.82
64.9899,-58.999,-136.583
65.0149,-59.3651,-136.705
65.04,-59.2874,-136.792
65.065,-58.3335,-136.909
65.09,-57.0957,-137.026
65.115,-55.1675,-137.171
65.1401,-52.6285,-137.993
65.1651,-49.5359,-138.242
65.1901,-46.2891,-138.662
65.2151,-42.4091,-139.386
65.2402,-38.4845,-140.016
65.2652,-34.4013,-140.173
65.2902,-30.0354,-140.823
65.3153,-26.1044,-141.262
65.3403,-20.7841,-141.264
65.3653,-15.9639,-141.284
65.3903,-10.8114,-141.259
65.4154,-5.43737,-141.103
65.4404,-0.624862,-140.93
65.4654,3.53747,-140.955
65.4904,7.42727,-140.934
65.5155,10.7537,-140.942
65.5405,13.793,-140.492
65.5655,16.5012,-140.387
65.5905,18.496,-140.388
65.6155,19.7523,-140.401
65.6406,20.6169,-140.407
