0.025025   0.889892   0.438436
0.05005   0.885578   0.445008
0.075075   0.878528   0.449005
0.1001   0.870622   0.449691
0.125125   0.860624   0.447357
0.15015   0.849893   0.434511
0.175175   0.835308   0.420482
0.2002   0.819437   0.39993
0.225225   0.798528   0.374849
0.25025   0.772768   0.341455
0.275275   0.739143   0.301712
0.3003   0.699499   0.246614
0.325325   0.651384   0.182011
0.35035   0.596241   0.114724
0.375375   0.537455   0.0371613
0.4004   0.473448   -0.0450611
0.425425   0.405495   -0.146027
0.45045   0.336714   -0.245907
0.475475   0.267288   -0.347449
0.5005   0.202783   -0.450721
0.525525   0.134325   -0.540733
0.55055   0.0802835   -0.668872
0.575575   0.0258782   -0.770188
0.6006   -0.0238923   -0.851702
0.625625   -0.0665222   -0.938095
0.65065   -0.101934   -1.02148
0.675675   -0.131152   -1.09059
0.7007   -0.153248   -1.1489
0.725725   -0.166896   -1.20777
0.75075   -0.174222   -1.25447
0.775775   -0.176175   -1.28528
0.8008   -0.168607   -1.31262
0.825825   -0.15634   -1.3316
0.85085   -0.136387   -1.33251
0.875875   -0.107645   -1.32099
0.9009   -0.0743972   -1.30499
0.925925   -0.0373741   -1.27739
0.95095   0.00554739   -1.23982
0.975975   0.0492569   -1.19004
1.001   0.0942065   -1.13434
1.02602   0.148089   -1.06905
1.05105   0.18481   -0.99031
1.07607   0.22493   -0.902122
1.1011   0.261514   -0.803597
1.12613   0.295829   -0.704692
1.15115   0.323638   -0.596818
1.17617   0.348068   -0.487564
1.2012   0.369567   -0.377358
1.22622   0.386305   -0.261189
1.25125   0.404275   -0.149152
1.27628   0.421016   -0.0429192
1.3013   0.436546   0.0606606
1.32632   0.454137   0.174759
1.35135   0.472116   0.265755
1.37637   0.487194   0.357068
1.4014   0.501646   0.438255
1.42643   0.514606   0.488245
1.45145   0.526132   0.539405
1.47647   0.53349   0.579146
1.5015   0.536564   0.600566
1.52652   0.537127   0.602726
1.55155   0.532522   0.596672
1.57658   0.523685   0.573338
1.6016   0.513504   0.527291
1.62662   0.499223   0.470958
1.65165   0.481024   0.403318
1.67667   0.462572   0.319563
1.7017   0.445651   0.223665
1.72673   0.428037   0.117152
1.75175   0.410176   0.0140273
1.77677   0.395019   -0.0991402
1.8018   0.378816   -0.218738
1.82682   0.364875   -0.34262
1.85185   0.347435   -0.448224
1.87688   0.328245   -0.555662
1.9019   0.305571   -0.661312
1.92692   0.280605   -0.767508
1.95195   0.251205   -0.859412
1.97697   0.216615   -0.947516
2.002   0.179473   -1.02262
2.02703   0.138098   -1.09168
2.05205   0.0955925   -1.14835
2.07707   0.0545554   -1.20262
2.1021   0.0139086   -1.24804
2.12712   -0.024844   -1.27956
2.15215   -0.0582267   -1.30084
2.17718   -0.0888973   -1.3098
2.2022   -0.112044   -1.30939
2.22722   -0.130565   -1.29905
2.25225   -0.143722   -1.27905
2.27727   -0.14881   -1.248
2.3023   -0.14886   -1.20609
2.32733   -0.139633   -1.15689
2.35235   -0.123973   -1.09933
2.37737   -0.103761   -1.02799
2.4024   -0.0750237   -0.951322
2.42742   -0.0398645   -0.869313
2.45245   0.00159154   -0.776506
2.47748   0.0482432   -0.67302
2.5025   0.100006   -0.582915
2.52752   0.157411   -0.473385
2.55255   0.217981   -0.376839
2.57757   0.28326   -0.275884
2.6026   0.347797   -0.174361
2.62763   0.414767   -0.0865513
2.65265   0.477673   -0.0114158
2.67767   0.538787   0.0682665
2.7027   0.595286   0.130304
2.72772   0.64631   0.188038
2.75275   0.691317   0.230663
2.77778   0.728911   0.270698
2.8028   0.75819   0.298725
2.82782   0.775046   0.327344
2.85285   0.785585   0.338862
2.87787   0.786143   0.33993
2.9029   0.775675   0.339001
2.92793   0.758596   0.321777
2.95295   0.729507   0.300265
2.97797   0.693432   0.265062
3.003   0.648694   0.224226
3.02802   0.598027   0.168198
3.05305   0.542685   0.111625
3.07808   0.481296   0.0363641
3.1031   0.418747   -0.0576329
3.12812   0.35511   -0.145376
3.15315   0.291147   -0.248788
3.17817   0.229373   -0.344543
3.2032   0.172913   -0.441594
3.22823   0.118019   -0.544761
3.25325   0.0687209   -0.642293
3.27827   0.0259658   -0.735996
3.3033   -0.0119572   -0.834923
3.32832   -0.0423836   -0.919
3.35335   -0.0679357   -0.990399
3.37838   -0.0874086   -1.06542
3.4034   -0.100135   -1.12444
3.42842   -0.107719   -1.1757
3.45345   -0.110082   -1.21771
3.47847   -0.107318   -1.25177
3.5035   -0.0994866   -1.27647
3.52853   -0.0848455   -1.29115
3.55355   -0.0642745   -1.29545
3.57857   -0.039253   -1.2889
3.6036   -0.0114749   -1.27204
3.62862   0.0194891   -1.24425
3.65365   0.05524   -1.20688
3.67868   0.0899481   -1.15917
3.7037   0.125032   -1.1011
3.72872   0.160351   -1.03407
3.75375   0.193397   -0.957382
3.77877   0.223483   -0.872151
3.8038   0.250296   -0.778508
3.82883   0.274974   -0.68141
3.85385   0.295104   -0.585424
3.87887   0.312509   -0.466838
3.9039   0.328867   -0.361169
3.92893   0.343104   -0.256921
3.95395   0.360463   -0.154884
3.97898   0.377495   -0.0533473
4.004   0.395961   0.0520405
4.02902   0.415853   0.14878
4.05405   0.43496   0.236093
4.07907   0.454601   0.313381
4.1041   0.474057   0.380632
4.12913   0.493082   0.437852
4.15415   0.508222   0.482807
4.17917   0.520981   0.509406
4.2042   0.530902   0.5216
4.22922   0.534259   0.522226
4.25425   0.534529   0.506947
4.27928   0.533059   0.477036
4.3043   0.528168   0.433117
4.32932   0.519845   0.373495
4.35435   0.508546   0.30443
4.37937   0.494318   0.226156
4.4044   0.479812   0.138708
4.42943   0.463847   0.044899
4.45445   0.44685   -0.0641346
4.47947   0.429058   -0.164691
4.5045   0.409511   -0.268472
4.52952   0.385903   -0.375526
4.55455   0.36039   -0.480134
4.57958   0.333589   -0.582165
4.6046   0.299797   -0.680091
4.62962   0.265618   -0.769738
4.65465   0.224936   -0.855805
4.67967   0.182767   -0.931407
4.7047   0.137462   -1.00075
4.72973   0.0923918   -1.06875
4.75475   0.0472597   -1.12558
4.77977   0.00378829   -1.16823
4.8048   -0.0368202   -1.20552
4.82982   -0.0742466   -1.22832
4.85485   -0.105771   -1.24363
4.87988   -0.130817   -1.25045
4.9049   -0.150465   -1.24503
4.92992   -0.162959   -1.23142
4.95495   -0.167431   -1.21107
4.97997   -0.165147   -1.17803
5.005   -0.155648   -1.13477
5.03003   -0.137581   -1.08733
5.05505   -0.112086   -1.02759
5.08007   -0.0797355   -0.963939
5.1051   -0.0422985   -0.88759
5.13012   0.00305777   -0.809091
5.15515   0.0517221   -0.721636
5.18018   0.107321   -0.631719
5.2052   0.167558   -0.532371
5.23022   0.227654   -0.429197
5.25525   0.291392   -0.343409
5.28027   0.353717   -0.253667
5.3053   0.416293   -0.17725
5.33033   0.474881   -0.0985296
5.35535   0.53156   -0.0235468
5.38037   0.580855   0.0445331
5.4054   0.62586   0.105791
5.43042   0.665633   0.156248
5.45545   0.696563   0.202848
5.48048   0.7192   0.241961
5.5055   0.734277   0.271419
5.53052   0.738836   0.302694
5.55555   0.737372   0.314497
5.58057   0.725044   0.320517
5.6056   0.707676   0.311813
5.63063   0.679817   0.299189
5.65565   0.644134   0.269412
5.68067   0.603352   0.236254
5.7057   0.556062   0.188728
5.73072   0.504527   0.135393
5.75575   0.450306   0.067728
5.78078   0.393138   -0.0069751
5.8058   0.336574   -0.0979734
5.83082   0.279847   -0.190708
5.85585   0.228378   -0.28987
5.88087   0.178905   -0.39003
5.9059   0.132314   -0.484603
5.93093   0.093716   -0.586464
5.95595   0.0583446   -0.679014
5.98097   0.0307816   -0.771984
6.006   0.00675514   -0.858025
6.03102   -0.0118802   -0.932755
6.05605   -0.025252   -1.00348
6.08108   -0.0364479   -1.06436
6.1061   -0.0423985   -1.11655
6.13112   -0.0439141   -1.16594
6.15615   -0.0428634   -1.20193
6.18117   -0.0370031   -1.22914
6.2062   -0.0276736   -1.24714
6.23123   -0.0130349   -1.25491
6.25625   0.00314859   -1.25112
6.28127   0.022157   -1.23872
6.3063   0.0446437   -1.21464
6.33132   0.0688623   -1.18263
6.35635   0.094692   -1.1402
6.38138   0.119544   -1.08875
6.4064   0.149527   -1.02864
6.43142   0.174025   -0.961473
6.45645   0.191968   -0.883673
6.48147   0.211815   -0.797922
6.5065   0.229895   -0.707371
6.53153   0.246465   -0.609255
6.55655   0.261345   -0.50882
6.58157   0.277979   -0.406492
6.6066   0.293042   -0.305097
6.63162   0.310608   -0.204483
6.65665   0.330085   -0.106197
6.68168   0.352726   -0.000994982
6.7067   0.376814   0.0894329
6.73172   0.401159   0.170437
6.75675   0.42795   0.237562
6.78177   0.45295   0.299106
6.8068   0.478509   0.350028
6.83183   0.500638   0.390482
6.85685   0.519528   0.415058
6.88187   0.53445   0.429033
6.9069   0.545492   0.423956
6.93192   0.554185   0.411818
6.95695   0.557338   0.387999
6.98198   0.55805   0.347258
7.007   0.556316   0.294999
7.03202   0.548871   0.235352
7.05705   0.538679   0.168043
7.08207   0.523754   0.0902735
7.1071   0.506083   0.00985617
7.13213   0.486595   -0.0805505
7.15715   0.464256   -0.174553
7.18217   0.43988   -0.274975
7.2072   0.410057   -0.37386
7.23222   0.377316   -0.463102
7.25725   0.340601   -0.55948
7.28228   0.301684   -0.653363
7.3073   0.258043   -0.740978
7.33232   0.211238   -0.823961
7.35735   0.165599   -0.895927
7.38237   0.116739   -0.959235
7.4074   0.0685247   -1.01794
7.43243   0.0220493   -1.06984
7.45745   -0.0237062   -1.11271
7.48247   -0.0628039   -1.14766
7.5075   -0.0963244   -1.1734
7.53252   -0.125818   -1.18855
7.55755   -0.146663   -1.19607
7.58258   -0.160574   -1.1946
7.6076   -0.167378   -1.18397
7.63262   -0.165252   -1.16471
7.65765   -0.157364   -1.13624
7.68267   -0.140238   -1.10052
7.7077   -0.1141   -1.05655
7.73273   -0.083534   -1.00361
7.75775   -0.0448896   -0.943757
7.78277   -0.0012152   -0.874962
7.8078   0.0488025   -0.800697
7.83282   0.101146   -0.721167
7.85785   0.158744   -0.638709
7.88288   0.216044   -0.552709
7.9079   0.276442   -0.462476
7.93293   0.334606   -0.376759
7.95795   0.391743   -0.297079
7.98297   0.447326   -0.208279
8.008   0.49873   -0.134253
8.03303   0.545305   -0.0612
8.05805   0.587002   0.00380783
8.08307   0.6228   0.0635827
8.1081   0.652105   0.117827
8.13312   0.674353   0.163926
8.15815   0.689286   0.205212
8.18318   0.697661   0.236085
8.2082   0.697806   0.260094
8.23322   0.688481   0.278536
8.25825   0.673434   0.284342
8.28327   0.65152   0.28238
8.3083   0.623785   0.267849
8.33333   0.589711   0.243779
8.35835   0.549957   0.211307
8.38338   0.506518   0.167799
8.4084   0.459909   0.112902
8.43342   0.410752   0.0468778
8.45845   0.362372   -0.0270283
8.48348   0.313746   -0.107757
8.5085   0.268868   -0.199076
8.53353   0.22465   -0.293175
8.55855   0.185911   -0.388054
8.58357   0.157993   -0.497285
8.6086   0.122807   -0.587202
8.63363   0.0979778   -0.675942
8.65865   0.0765747   -0.761196
8.68368   0.0608196   -0.844587
8.7087   0.0481915   -0.917623
8.73372   0.0365201   -0.984626
8.75875   0.0280239   -1.04296
8.78378   0.0232954   -1.09479
8.8088   0.0200517   -1.13611
8.83383   0.0184201   -1.16904
8.85885   0.0188453   -1.19321
8.88387   0.0243642   -1.21055
8.9089   0.0313666   -1.21648
8.93393   0.0417714   -1.2138
8.95895   0.05281   -1.20002
8.98398   0.0667289   -1.17632
9.009   0.0815659   -1.14236
9.03402   0.0985417   -1.10173
9.05905   0.115442   -1.05195
9.08408   0.131018   -0.992609
9.1091   0.15251   -0.92995
9.13412   0.175852   -0.860088
9.15915   0.178405   -0.772588
9.18417   0.192356   -0.682923
9.2092   0.20866   -0.59287
9.23423   0.223106   -0.500625
9.25925   0.241144   -0.406352
9.28427   0.259822   -0.295778
9.3093   0.284302   -0.204145
9.33432   0.308568   -0.109092
9.35935   0.335988   -0.0216506
9.38438   0.36607   0.0611712
9.4094   0.397259   0.130735
9.43442   0.428505   0.193708
9.45945   0.459803   0.24398
9.48447   0.488036   0.287115
9.5095   0.517403   0.312567
9.53453   0.540038   0.333402
9.55955   0.559544   0.338877
9.58457   0.574792   0.33297
9.6096   0.584836   0.317845
9.63462   0.591294   0.291959
9.65965   0.592423   0.256963
9.68468   0.590908   0.207888
9.7097   0.58237   0.152406
9.73472   0.567512   0.0919046
9.75975   0.550041   0.0239387
9.78477   0.527196   -0.0508155
9.8098   0.501677   -0.129882
9.83483   0.472481   -0.220179
9.85985   0.437217   -0.304849
9.88487   0.398995   -0.393495
9.9099   0.358741   -0.485039
9.93492   0.311439   -0.573302
9.95995   0.266174   -0.657477
9.98498   0.215617   -0.733085
10.01   0.162097   -0.804364
10.035   0.113726   -0.87783
10.0601   0.0642787   -0.93755
10.0851   0.0172632   -0.991783
10.1101   -0.0260319   -1.03782
10.1351   -0.0640166   -1.0777
10.1601   -0.0976017   -1.10627
10.1852   -0.125419   -1.12974
10.2102   -0.145236   -1.14534
10.2352   -0.158415   -1.15089
10.2602   -0.163168   -1.14935
10.2853   -0.160983   -1.13738
10.3103   -0.151035   -1.11741
10.3353   -0.131694   -1.09118
10.3604   -0.10639   -1.05663
10.3854   -0.0745418   -1.01361
10.4104   -0.0366701   -0.962179
10.4354   0.00714605   -0.903426
10.4604   0.0553363   -0.838057
10.4855   0.106944   -0.767127
10.5105   0.158797   -0.690065
10.5355   0.214547   -0.608992
10.5605   0.2707   -0.530061
10.5856   0.32379   -0.441869
10.6106   0.374241   -0.361498
10.6356   0.422974   -0.272452
10.6607   0.468194   -0.204919
10.6857   0.508977   -0.121602
10.7107   0.545653   -0.0534196
10.7357   0.575981   0.0124242
10.7607   0.601058   0.0714191
10.7858   0.620422   0.123472
10.8108   0.634045   0.167716
10.8358   0.6401   0.204813
10.8608   0.640196   0.235674
10.8859   0.634916   0.254988
10.9109   0.621957   0.269373
10.9359   0.604333   0.271176
10.961   0.579751   0.269236
10.986   0.552228   0.251169
11.011   0.518548   0.226919
11.036   0.481256   0.191178
11.061   0.443344   0.142433
11.0861   0.403794   0.0830046
11.1111   0.364208   0.0147972
11.1361   0.324086   -0.0610009
11.1611   0.285931   -0.141143
11.1862   0.250481   -0.230508
11.2112   0.218868   -0.324485
11.2362   0.190365   -0.420672
11.2613   0.167322   -0.507491
11.2863   0.135859   -0.593005
11.3113   0.129893   -0.691756
11.3363   0.113756   -0.773518
11.3613   0.100715   -0.849574
11.3864   0.0885443   -0.919312
11.4114   0.0796437   -0.982992
11.4364   0.0700508   -1.03668
11.4614   0.0627024   -1.08211
11.4865   0.0566798   -1.12009
11.5115   0.0519735   -1.14931
11.5365   0.0497406   -1.16937
11.5616   0.0496097   -1.18064
11.5866   0.0502503   -1.18146
11.6116   0.0516347   -1.17308
11.6366   0.057169   -1.15642
11.6616   0.0635055   -1.13045
11.6867   0.0731323   -1.09491
11.7117   0.0816628   -1.05131
11.7367   0.092775   -0.999531
11.7617   0.10291   -0.939743
11.7868   0.115121   -0.874376
11.8118   0.128309   -0.801144
11.8368   0.142974   -0.720879
11.8619   0.156839   -0.633865
11.8869   0.173815   -0.544605
11.9119   0.192662   -0.459261
11.9369   0.216174   -0.3561
11.9619   0.241803   -0.259724
11.987   0.272479   -0.170863
12.012   0.303666   -0.0831849
12.037   0.339389   -0.00301591
12.062   0.376647   0.0668849
12.0871   0.4128   0.131369
12.1121   0.448959   0.182146
12.1371   0.481965   0.226746
12.1622   0.514378   0.256459
12.1872   0.544426   0.273546
12.2122   0.568046   0.283887
12.2372   0.587479   0.283929
12.2622   0.6017   0.27427
12.2873   0.612091   0.251223
12.3123   0.613452   0.226109
12.3373   0.612405   0.185321
12.3623   0.60504   0.138259
12.3874   0.5914   0.0848878
12.4124   0.5718   0.025837
12.4374   0.547421   -0.0389595
12.4625   0.51889   -0.110924
12.4875   0.483707   -0.182267
12.5125   0.446554   -0.267042
12.5375   0.404194   -0.349081
12.5625   0.358512   -0.43017
12.5876   0.309587   -0.515261
12.6126   0.260171   -0.593423
12.6376   0.2075   -0.669702
12.6626   0.159722   -0.747619
12.6877   0.104844   -0.813076
12.7127   0.0566119   -0.87607
12.7377   0.0105642   -0.931424
12.7628   -0.0299859   -0.980892
12.7878   -0.0673357   -1.02269
12.8128   -0.0979886   -1.05798
12.8378   -0.121157   -1.08546
12.8628   -0.137426   -1.10464
12.8879   -0.147232   -1.11531
12.9129   -0.14882   -1.11917
12.9379   -0.14304   -1.11449
12.9629   -0.128527   -1.10322
12.988   -0.107836   -1.08244
13.013   -0.0807965   -1.05445
13.038   -0.0469501   -1.01803
13.0631   -0.00896028   -0.97274
13.0881   0.034378   -0.921339
13.1131   0.0804971   -0.862654
13.1381   0.129486   -0.79896
13.1631   0.179887   -0.729747
13.1882   0.228849   -0.653322
13.2132   0.278453   -0.574405
13.2382   0.325941   -0.49557
13.2632   0.370334   -0.412694
13.2883   0.412289   -0.33271
13.3133   0.449274   -0.246542
13.3383   0.481948   -0.171214
13.3634   0.512207   -0.0997281
13.3884   0.537218   -0.030499
13.4134   0.558186   0.0330097
13.4384   0.573592   0.0903306
13.4634   0.584262   0.142021
13.4885   0.590891   0.184146
13.5135   0.591598   0.218398
13.5385   0.587002   0.245906
13.5635   0.577779   0.263172
13.5886   0.563657   0.27137
13.6136   0.545205   0.26958
13.6386   0.522604   0.256268
13.6637   0.495513   0.235176
13.6887   0.467061   0.198166
13.7137   0.436849   0.151847
13.7387   0.403945   0.0999135
13.7637   0.37206   0.0349591
13.7888   0.340133   -0.0387883
13.8138   0.310086   -0.11921
13.8388   0.283323   -0.206278
13.8638   0.258778   -0.29551
13.8889   0.235381   -0.381642
13.9139   0.215487   -0.477446
13.9389   0.198401   -0.562593
13.964   0.183463   -0.649709
13.989   0.169516   -0.732757
14.014   0.149513   -0.80381
14.039   0.142489   -0.877194
14.064   0.129879   -0.941342
14.0891   0.116691   -0.995184
14.1141   0.104815   -1.04244
14.1391   0.0921106   -1.08192
14.1641   0.0805184   -1.11271
14.1892   0.0695678   -1.13439
14.2142   0.0612424   -1.14774
14.2392   0.0553013   -1.15293
14.2643   0.0511997   -1.1484
14.2893   0.048931   -1.13498
14.3143   0.0491265   -1.11397
14.3393   0.0501875   -1.08327
14.3643   0.0539559   -1.04351
14.3894   0.0617117   -0.99782
14.4144   0.0686325   -0.942725
14.4394   0.0792429   -0.882035
14.4644   0.0911492   -0.812343
14.4895   0.105775   -0.737967
14.5145   0.123443   -0.657529
14.5395   0.145759   -0.57606
14.5646   0.167221   -0.482266
14.5896   0.195446   -0.3927
14.6146   0.227938   -0.306308
14.6396   0.261863   -0.221743
14.6646   0.29873   -0.138377
14.6897   0.339914   -0.0681791
14.7147   0.379167   0.00133746
14.7397   0.420602   0.0588656
14.7647   0.459966   0.110933
14.7898   0.498711   0.148433
14.8148   0.532125   0.18309
14.8398   0.56393   0.201432
14.8649   0.590013   0.213024
14.8899   0.61104   0.216354
14.9149   0.62516   0.211759
14.9399   0.634319   0.196834
14.9649   0.637407   0.172726
14.99   0.633343   0.143084
15.015   0.623304   0.104076
15.04   0.606377   0.0597794
15.065   0.583333   0.00742881
15.0901   0.554266   -0.0469946
15.1151   0.519117   -0.110354
15.1401   0.480605   -0.17688
15.1652   0.437215   -0.247477
15.1902   0.390988   -0.31957
15.2152   0.343369   -0.406377
15.2402   0.291511   -0.477767
15.2652   0.241138   -0.556864
15.2903   0.190218   -0.630626
15.3153   0.140776   -0.704933
15.3403   0.0923804   -0.771626
15.3653   0.0481591   -0.836203
15.3904   0.00604277   -0.89066
15.4154   -0.030538   -0.943482
15.4404   -0.0598648   -0.988646
15.4655   -0.0859043   -1.02372
15.4905   -0.104387   -1.05367
15.5155   -0.116996   -1.07498
15.5405   -0.11985   -1.09109
15.5655   -0.117599   -1.09766
15.5906   -0.107226   -1.09751
15.6156   -0.09164   -1.08782
15.6406   -0.0686267   -1.07138
15.6656   -0.0418432   -1.04642
15.6907   -0.00739132   -1.01513
15.7157   0.0302889   -0.975644
15.7407   0.0701066   -0.928896
15.7658   0.113284   -0.872771
15.7908   0.155686   -0.813016
15.8158   0.199933   -0.746797
15.8408   0.241867   -0.674492
15.8659   0.284184   -0.598424
15.8909   0.322954   -0.521683
15.9159   0.359295   -0.44108
15.9409   0.391964   -0.36201
15.9659   0.423146   -0.276046
15.991   0.449392   -0.200992
16.016   0.473402   -0.126644
16.041   0.493404   -0.0574903
16.0661   0.509057   0.0107429
16.0911   0.521123   0.0719462
16.1161   0.531956   0.123352
16.1411   0.536574   0.170827
16.1662   0.538653   0.208924
16.1912   0.537383   0.234945
16.2162   0.531699   0.254131
16.2412   0.521004   0.266135
16.2662   0.508457   0.263924
16.2913   0.492783   0.251205
16.3163   0.473558   0.227631
16.3413   0.452662   0.193238
16.3664   0.429793   0.148002
16.3914   0.404958   0.0963789
16.4164   0.3799   0.0327461
16.4414   0.355667   -0.0377324
16.4665   0.333848   -0.11686
16.4915   0.310772   -0.196395
16.5165   0.291617   -0.284751
16.5415   0.2736   -0.372132
16.5665   0.255341   -0.459683
16.5916   0.237945   -0.540772
16.6166   0.222305   -0.625176
16.6416   0.206117   -0.703699
16.6667   0.189039   -0.776662
16.6917   0.172868   -0.844649
16.7167   0.140368   -0.89727
16.7417   0.1367   -0.9602
16.7668   0.118165   -1.00694
16.7918   0.0996735   -1.04553
16.8168   0.0818301   -1.07641
16.8418   0.0658876   -1.09915
16.8668   0.0517974   -1.11323
16.8919   0.0389424   -1.11859
16.9169   0.028505   -1.11616
16.9419   0.0218408   -1.10405
16.967   0.0183925   -1.08479
16.992   0.0149305   -1.05515
17.017   0.0151735   -1.01761
17.042   0.0201593   -0.973306
17.0671   0.0293662   -0.920794
17.0921   0.0421219   -0.865001
17.1171   0.0574132   -0.79961
17.1421   0.0752379   -0.72918
17.1671   0.0981203   -0.652235
17.1922   0.12487   -0.575212
17.2172   0.155932   -0.492533
17.2422   0.188246   -0.409594
17.2673   0.224427   -0.324908
17.2923   0.266347   -0.248425
17.3173   0.309991   -0.17366
17.3423   0.352541   -0.104347
17.3674   0.397073   -0.0427936
17.3924   0.438704   0.0134919
17.4174   0.480608   0.0594666
17.4424   0.519446   0.0956368
17.4674   0.553472   0.128143
17.4925   0.581669   0.15089
17.5175   0.605535   0.164689
17.5425   0.622175   0.172538
17.5676   0.634633   0.169335
17.5926   0.639256   0.160092
17.6176   0.637841   0.142379
17.6426   0.628895   0.117916
17.6677   0.612428   0.0858718
17.6927   0.59194   0.0457244
17.7177   0.564544   -0.00111743
17.7427   0.531582   -0.0517591
17.7677   0.493385   -0.109083
17.7928   0.452095   -0.173055
17.8178   0.405548   -0.238093
17.8428   0.358587   -0.314035
17.8679   0.309698   -0.381912
17.8929   0.259866   -0.465553
17.9179   0.210987   -0.53494
17.9429   0.164136   -0.608526
17.968   0.117478   -0.677613
17.993   0.0749966   -0.745178
18.018   0.0374114   -0.80841
18.043   0.00261978   -0.86416
18.068   -0.0255526   -0.91576
18.0931   -0.0490623   -0.960233
18.1181   -0.0669015   -0.997809
18.1431   -0.0777352   -1.02966
18.1682   -0.0818268   -1.05617
18.1932   -0.0814003   -1.07213
18.2182   -0.0748769   -1.07982
18.2432   -0.0617466   -1.08135
18.2683   -0.0432721   -1.07398
18.2933   -0.0200527   -1.05876
18.3183   0.00694638   -1.03519
18.3433   0.0382128   -1.00593
18.3683   0.072606   -0.967286
18.3934   0.108784   -0.922418
18.4184   0.15035   -0.873764
18.4434   0.181335   -0.809944
18.4685   0.218167   -0.746192
18.4935   0.252982   -0.676596
18.5185   0.286443   -0.603883
18.5435   0.316503   -0.52706
18.5686   0.34535   -0.448372
18.5936   0.371843   -0.374523
18.6186   0.395337   -0.282304
18.6436   0.416883   -0.21351
18.6686   0.435482   -0.139698
18.6937   0.452009   -0.0679074
18.7187   0.466735   -0.00341201
18.7437   0.479136   0.0567253
18.7688   0.488003   0.110618
18.7938   0.495199   0.155563
18.8188   0.49896   0.193413
18.8438   0.500454   0.220423
18.8689   0.499795   0.236162
18.8939   0.494851   0.242891
18.9189   0.487488   0.239515
18.9439   0.478197   0.223754
18.9689   0.466922   0.1964
18.994   0.452419   0.160851
19.019   0.435546   0.116596
19.044   0.41809   0.0632854
19.0691   0.401715   9.18252e-05
19.0941   0.383815   -0.0697705
19.1191   0.365762   -0.14271
19.1441   0.347198   -0.221018
19.1692   0.329649   -0.297344
19.1942   0.311663   -0.379019
19.2192   0.294816   -0.466602
19.2442   0.278063   -0.548148
19.2692   0.259396   -0.625013
19.2943   0.23762   -0.699039
19.3193   0.21679   -0.768438
19.3443   0.193096   -0.8317
19.3694   0.168093   -0.888959
19.3944   0.150634   -0.942419
19.4194   0.120402   -0.983871
19.4444   0.0959148   -1.02034
19.4695   0.0725062   -1.04987
19.4945   0.0519746   -1.07121
19.5195   0.0331003   -1.08344
19.5445   0.017133   -1.08864
19.5695   0.00527007   -1.08595
19.5946   -0.00495621   -1.0734
19.6196   -0.0101646   -1.05352
19.6446   -0.0115375   -1.02589
19.6697   -0.0104377   -0.9905
19.6947   -0.00185788   -0.948514
19.7197   0.00864296   -0.898742
19.7447   0.0256162   -0.843893
19.7698   0.0446457   -0.78215
19.7948   0.0694534   -0.713762
19.8198   0.0983806   -0.643858
19.8448   0.130744   -0.569852
19.8698   0.167969   -0.49312
19.8949   0.205939   -0.414893
19.9199   0.24845   -0.339962
19.9449   0.292284   -0.2655
19.97   0.338979   -0.201065
19.995   0.382724   -0.133724
20.02   0.428244   -0.0780703
20.045   0.468394   -0.025246
20.07   0.507339   0.0198317
20.0951   0.542935   0.0563764
20.1201   0.572564   0.0864343
20.1451   0.597443   0.110599
20.1701   0.616492   0.124549
20.1952   0.627265   0.135139
20.2202   0.632795   0.134875
20.2452   0.632054   0.127692
20.2703   0.624719   0.111738
20.2953   0.610578   0.0894897
20.3203   0.59003   0.0607913
20.3453   0.563721   0.0236598
20.3703   0.531806   -0.0178027
20.3954   0.494757   -0.0669817
20.4204   0.455   -0.120049
20.4454   0.410832   -0.181835
20.4704   0.365361   -0.244498
20.4955   0.318109   -0.309808
20.5205   0.272936   -0.382144
20.5455   0.226925   -0.462614
20.5706   0.182289   -0.531161
20.5956   0.142732   -0.603996
20.6206   0.104043   -0.671318
20.6456   0.0684869   -0.737265
20.6706   0.0387995   -0.798634
20.6957   0.0125468   -0.854683
20.7207   -0.00758314   -0.905104
20.7457   -0.0239716   -0.950023
20.7707   -0.0353187   -0.98581
20.7958   -0.0397906   -1.01845
20.8208   -0.0395259   -1.04279
20.8458   -0.0347905   -1.05863
20.8709   -0.0256745   -1.06545
20.8959   -0.0112628   -1.06664
20.9209   0.00710986   -1.05964
20.9459   0.0286167   -1.04384
20.9709   0.0549774   -1.02099
20.996   0.0811545   -0.990348
21.021   0.110051   -0.951708
21.046   0.141281   -0.907714
21.071   0.169392   -0.855605
21.0961   0.199309   -0.797211
21.1211   0.227876   -0.733737
21.1461   0.254152   -0.665442
21.1712   0.280661   -0.594788
21.1962   0.303326   -0.516631
21.2212   0.325548   -0.441962
21.2462   0.344883   -0.360608
21.2712   0.365044   -0.286799
21.2963   0.382635   -0.20962
21.3213   0.39867   -0.135791
21.3463   0.415712   -0.0682728
21.3713   0.429374   -0.0044777
21.3964   0.442608   0.0527753
21.4214   0.4546   0.102786
21.4464   0.465518   0.141859
21.4715   0.473308   0.174522
21.4965   0.479556   0.195803
21.5215   0.480799   0.212861
21.5465   0.481187   0.21501
21.5715   0.480262   0.204737
21.5966   0.476001   0.185426
21.6216   0.468645   0.158668
21.6466   0.459974   0.120264
21.6716   0.449411   0.0732417
21.6967   0.436048   0.0207353
21.7217   0.423088   -0.0411025
21.7467   0.408762   -0.10822
21.7718   0.392058   -0.177808
21.7968   0.375051   -0.252207
21.8218   0.357395   -0.317508
21.8468   0.337482   -0.409308
21.8718   0.316571   -0.481979
21.8969   0.295038   -0.558993
21.9219   0.272111   -0.634488
21.9469   0.24572   -0.701769
21.9719   0.219095   -0.766138
21.997   0.190196   -0.825675
22.022   0.157227   -0.875389
22.047   0.131206   -0.926289
22.0721   0.103445   -0.966261
22.0971   0.0750905   -0.999835
22.1221   0.0501255   -1.02606
22.1471   0.0260789   -1.04396
22.1721   0.0061672   -1.05437
22.1972   -0.00955816   -1.05754
22.2222   -0.0221596   -1.0522
22.2472   -0.0303892   -1.03901
22.2722   -0.0326005   -1.01941
22.2973   -0.0305087   -0.992094
22.3223   -0.0237483   -0.957014
22.3473   -0.0108671   -0.914541
22.3724   0.00602908   -0.86882
22.3974   0.0287337   -0.813687
22.4224   0.0560974   -0.75634
22.4474   0.0871085   -0.693202
22.4724   0.121511   -0.62537
22.4975   0.15966   -0.557266
22.5225   0.200889   -0.485356
22.5475   0.243007   -0.407562
22.5725   0.289142   -0.339253
22.5976   0.333691   -0.274612
22.6226   0.378108   -0.211343
22.6476   0.421193   -0.151558
22.6727   0.46107   -0.0965498
22.6977   0.499011   -0.04759
22.7227   0.532067   -0.00487651
22.7477   0.560633   0.0322134
22.7727   0.584059   0.0608295
22.7978   0.600879   0.0855723
22.8228   0.612366   0.100131
22.8478   0.617438   0.110431
22.8728   0.617124   0.110719
22.8979   0.609633   0.103864
22.9229   0.595896   0.0916964
22.9479   0.576726   0.0696269
22.973   0.551259   0.0427549
22.998   0.520485   0.00901937
23.023   0.485267   -0.0308523
23.048   0.448137   -0.082332
23.073   0.409297   -0.137452
23.0981   0.366064   -0.19588
23.1231   0.322779   -0.259175
23.1481   0.282218   -0.328822
23.1731   0.241169   -0.395249
23.1982   0.201811   -0.464262
23.2232   0.166106   -0.539537
23.2482   0.131068   -0.612007
23.2733   0.100753   -0.679662
23.2983   0.0743426   -0.741766
23.3233   0.0514103   -0.803034
23.3483   0.0338598   -0.856312
23.3733   0.0191918   -0.904477
23.3984   0.00835949   -0.945616
23.4234   0.00366398   -0.98125
23.4484   0.00265876   -1.01014
23.4734   0.00539062   -1.03223
23.4985   0.0115936   -1.04495
23.5235   0.0201536   -1.05071
23.5485   0.0344215   -1.04924
23.5736   0.0509637   -1.04138
23.5986   0.0685632   -1.02264
23.6236   0.0880398   -0.99771
23.6486   0.111154   -0.966813
23.6736   0.133765   -0.925996
23.6987   0.152609   -0.877155
23.7237   0.180343   -0.827745
23.7487   0.202912   -0.76986
23.7737   0.223394   -0.70382
23.7988   0.244   -0.636672
23.8238   0.262583   -0.564979
23.8488   0.28299   -0.492449
23.8739   0.300416   -0.418868
23.8989   0.317087   -0.333368
23.9239   0.335219   -0.264391
23.9489   0.353516   -0.192247
23.9739   0.370909   -0.123113
23.999   0.387634   -0.0571715
24.024   0.404482   0.00188188
24.049   0.420384   0.0542439
24.074   0.436547   0.0965858
24.0991   0.449444   0.13273
24.1241   0.461606   0.157961
24.1491   0.47241   0.172518
24.1742   0.479457   0.178921
24.1992   0.483818   0.177178
24.2242   0.485894   0.164612
24.2492   0.485916   0.140034
24.2743   0.484475   0.106395
24.2993   0.478559   0.0663458
24.3243   0.469079   0.0215773
24.3493   0.459405   -0.0334871
24.3743   0.446274   -0.0920038
24.3994   0.431094   -0.155801
24.4244   0.412041   -0.220203
24.4494   0.392021   -0.28633
24.4745   0.37203   -0.360024
24.4995   0.347242   -0.435657
24.5245   0.321618   -0.507152
24.5495   0.294082   -0.57915
24.5746   0.264585   -0.649268
24.5996   0.232984   -0.711042
24.6246   0.199378   -0.770118
24.6496   0.164947   -0.822977
24.6746   0.134102   -0.87338
24.6997   0.10116   -0.915685
24.7247   0.0723753   -0.954568
24.7497   0.0436292   -0.98145
24.7748   0.0184445   -1.0048
24.7998   -0.00304624   -1.01893
24.8248   -0.0202859   -1.02673
24.8498   -0.0329143   -1.02721
24.8749   -0.0397175   -1.02134
24.8999   -0.0424488   -1.00655
24.9249   -0.0385257   -0.985266
24.9499   -0.0306625   -0.95695
24.9749   -0.0152105   -0.923737
25   0.00303322   -0.882622
25.025   0.0261064   -0.834478
25.05   0.0552213   -0.783965
25.0751   0.0881258   -0.727311
25.1001   0.123693   -0.666104
25.1251   0.164589   -0.603647
25.1501   0.203715   -0.537038
25.1752   0.246337   -0.471575
25.2002   0.290546   -0.401561
25.2252   0.334352   -0.333597
25.2502   0.376867   -0.272247
25.2752   0.415926   -0.209429
25.3003   0.454317   -0.154802
25.3253   0.486716   -0.100434
25.3503   0.518602   -0.0553168
25.3754   0.544534   -0.0141714
25.4004   0.565178   0.0220859
25.4254   0.579578   0.051971
25.4504   0.590422   0.0724448
25.4755   0.591989   0.0903919
25.5005   0.590943   0.098546
25.5255   0.584325   0.0963328
25.5505   0.570739   0.0915337
25.5755   0.551788   0.0782006
25.6006   0.5281   0.0561925
25.6256   0.499838   0.027696
25.6506   0.46892   -0.00744441
25.6757   0.434725   -0.0521444
25.7007   0.398385   -0.101624
25.7257   0.36103   -0.157071
25.7507   0.322683   -0.215498
25.7758   0.285636   -0.28242
25.8008   0.249326   -0.347737
25.8258   0.216402   -0.432376
25.8508   0.184811   -0.488149
25.8758   0.157231   -0.552887
25.9009   0.130507   -0.629375
25.9259   0.10899   -0.697305
25.9509   0.0893113   -0.756028
25.976   0.0741665   -0.814745
26.001   0.0615776   -0.865052
26.026   0.0512578   -0.909096
26.051   0.0455261   -0.948014
26.0761   0.04313   -0.979779
26.1011   0.042857   -1.00397
26.1261   0.0439348   -1.02081
26.1511   0.0502009   -1.03212
26.1761   0.0573179   -1.03496
26.2012   0.067833   -1.0295
26.2262   0.0798672   -1.01647
26.2512   0.093862   -0.995926
26.2763   0.1091   -0.968336
26.3013   0.125156   -0.933931
26.3263   0.146043   -0.894226
26.3513   0.169581   -0.851329
26.3764   0.177035   -0.790285
26.4014   0.19403   -0.731885
26.4264   0.210623   -0.668293
26.4514   0.227473   -0.600226
26.4764   0.243779   -0.528184
26.5015   0.260474   -0.457598
26.5265   0.278936   -0.38069
26.5515   0.297126   -0.307786
26.5766   0.315485   -0.234125
26.6016   0.336198   -0.16817
26.6266   0.356267   -0.103588
26.6516   0.37789   -0.0470086
26.6767   0.397548   0.00759656
26.7017   0.417749   0.05108
26.7267   0.436563   0.0864511
26.7517   0.454718   0.112577
26.7767   0.468562   0.132874
26.8018   0.481112   0.141209
26.8268   0.492149   0.138852
26.8518   0.499281   0.130442
26.8769   0.502464   0.113659
26.9019   0.501926   0.0885787
26.9269   0.499738   0.0546275
26.9519   0.493456   0.014106
26.977   0.482706   -0.0309785
27.002   0.469709   -0.0815222
27.027   0.454584   -0.141042
27.052   0.435501   -0.200435
27.077   0.414647   -0.265
27.1021   0.390253   -0.329444
27.1271   0.363564   -0.40053
27.1521   0.334339   -0.467752
27.1772   0.303287   -0.536921
27.2022   0.269829   -0.602095
27.2272   0.235303   -0.664964
27.2522   0.198678   -0.722673
27.2773   0.161371   -0.777142
27.3023   0.128895   -0.827374
27.3273   0.0948259   -0.870472
27.3523   0.0630201   -0.908812
27.3773   0.0344085   -0.940888
27.4024   0.00821745   -0.964886
27.4274   -0.0119494   -0.984486
27.4524   -0.0287996   -0.995707
27.4775   -0.0413269   -0.999015
27.5025   -0.0467085   -0.997165
27.5275   -0.0480786   -0.987223
27.5525   -0.0428786   -0.971308
27.5775   -0.0313886   -0.949243
27.6026   -0.0161482   -0.920057
27.6276   0.00559569   -0.88536
27.6526   0.0316712   -0.843962
27.6776   0.0611695   -0.797365
27.7027   0.0942611   -0.74716
27.7277   0.130271   -0.689741
27.7527   0.16919   -0.632626
27.7778   0.208798   -0.56895
27.8028   0.250358   -0.507218
27.8278   0.291306   -0.442138
27.8528   0.330843   -0.377254
27.8778   0.369279   -0.308881
27.9029   0.40629   -0.253572
27.9279   0.439575   -0.192097
27.9529   0.469894   -0.140327
27.9779   0.496345   -0.0890287
28.003   0.518691   -0.0464526
28.028   0.535846   -0.00558889
28.053   0.548441   0.0269194
28.078   0.556696   0.0534301
28.1031   0.558504   0.074952
28.1281   0.557055   0.0858019
28.1531   0.54915   0.0934067
28.1782   0.538303   0.0894288
28.2032   0.519789   0.0831341
28.2282   0.499987   0.063553
28.2532   0.475494   0.0398762
28.2782   0.448226   0.00833026
28.3033   0.418375   -0.0316883
28.3283   0.386945   -0.0768386
28.3533   0.354354   -0.129255
28.3783   0.322996   -0.189292
28.4034   0.290916   -0.25015
28.4284   0.261433   -0.316357
28.4534   0.231805   -0.381838
28.4785   0.204974   -0.447784
28.5035   0.180901   -0.523943
28.5285   0.160284   -0.591622
28.5535   0.15247   -0.66718
28.5785   0.12575   -0.719923
28.6036   0.111434   -0.778086
28.6286   0.0998461   -0.831
28.6536   0.0891252   -0.875819
28.6786   0.0813201   -0.916555
28.7037   0.0757298   -0.949755
28.7287   0.0733637   -0.976942
28.7537   0.07073   -0.997046
28.7788   0.0698627   -1.00859
28.8038   0.0729963   -1.0144
28.8288   0.0765217   -1.01208
28.8538   0.0818521   -1.00143
28.8788   0.0896236   -0.98469
28.9039   0.0989573   -0.960561
28.9289   0.107646   -0.928783
28.9539   0.118956   -0.890899
28.9789   0.130698   -0.844214
29.004   0.152609   -0.800123
29.029   0.155787   -0.736481
29.054   0.17307   -0.678769
29.0791   0.188551   -0.615954
29.1041   0.20445   -0.545839
29.1291   0.22281   -0.478022
29.1541   0.241694   -0.399493
29.1791   0.262227   -0.332825
29.2042   0.284515   -0.264159
29.2292   0.307679   -0.199557
29.2542   0.332573   -0.136693
29.2792   0.357931   -0.0816735
29.3043   0.382578   -0.0312289
29.3293   0.408743   0.00810941
29.3543   0.43114   0.0456807
29.3794   0.453137   0.071805
29.4044   0.472442   0.0910024
29.4294   0.487717   0.103454
29.4544   0.501103   0.105644
29.4794   0.511567   0.0974449
29.5045   0.51816   0.0844786
29.5295   0.519415   0.0645624
29.5545   0.518428   0.0354915
29.5795   0.51275   -0.000165754
29.6046   0.502067   -0.0386051
29.6296   0.488942   -0.0854916
29.6546   0.470511   -0.136691
29.6797   0.449707   -0.190323
29.7047   0.424142   -0.248363
29.7297   0.397414   -0.303985
29.7547   0.366995   -0.374658
29.7797   0.334914   -0.439348
29.8048   0.299201   -0.502778
29.8298   0.265639   -0.565932
29.8548   0.226825   -0.627566
29.8798   0.190731   -0.685427
29.9049   0.160294   -0.743453
29.9299   0.118556   -0.786801
29.9549   0.0862265   -0.832911
29.98   0.0559794   -0.871414
30.005   0.0280844   -0.90433
30.03   0.00406704   -0.93181
30.055   -0.0133688   -0.954301
30.08   -0.0259783   -0.969596
30.1051   -0.0364742   -0.976029
30.1301   -0.0382872   -0.978682
30.1551   -0.0368195   -0.973596
30.1802   -0.0289612   -0.961169
30.2052   -0.0165696   -0.94369
30.2302   0.00124206   -0.919192
30.2552   0.0241942   -0.888435
30.2802   0.0505059   -0.851491
30.3053   0.0809437   -0.809458
30.3303   0.113638   -0.763215
30.3553   0.152611   -0.713728
30.3803   0.186407   -0.656233
30.4054   0.22339   -0.596047
30.4304   0.260374   -0.537101
30.4554   0.29816   -0.474305
30.4805   0.335104   -0.413779
30.5055   0.367874   -0.348238
30.5305   0.398904   -0.285599
30.5555   0.428713   -0.228961
30.5805   0.455048   -0.176374
30.6056   0.476472   -0.122121
30.6306   0.495128   -0.0758993
30.6556   0.508498   -0.0326948
30.6806   0.519002   0.00354165
30.7057   0.525638   0.0317568
30.7307   0.526992   0.056394
30.7557   0.525816   0.0707582
30.7808   0.519936   0.0789952
30.8058   0.507805   0.0827359
30.8308   0.494631   0.0750344
30.8558   0.475981   0.0620331
30.8808   0.455505   0.0414388
30.9059   0.431699   0.0124985
30.9309   0.405784   -0.0219676
30.9559   0.380116   -0.0662733
30.9809   0.353893   -0.116347
31.006   0.32868   -0.175608
31.031   0.302686   -0.234711
31.056   0.278795   -0.302351
31.0811   0.254896   -0.365556
31.1061   0.231358   -0.430697
31.1311   0.212165   -0.502336
31.1561   0.19309   -0.568704
31.1811   0.176051   -0.630659
31.2062   0.158651   -0.693041
31.2312   0.140262   -0.746154
31.2562   0.13387   -0.803609
31.2812   0.124038   -0.851291
31.3063   0.112568   -0.891034
31.3313   0.103156   -0.92478
31.3563   0.0958276   -0.952569
31.3814   0.088184   -0.973441
31.4064   0.0846951   -0.987428
31.4314   0.0824819   -0.994319
31.4564   0.0812523   -0.993955
31.4814   0.0812726   -0.98606
31.5065   0.0831936   -0.970183
31.5315   0.0876816   -0.949426
31.5565   0.0935002   -0.920432
31.5816   0.1006   -0.885105
31.6066   0.110446   -0.842111
31.6316   0.119853   -0.797093
31.6566   0.132518   -0.742091
31.6817   0.152609   -0.691881
31.7067   0.162284   -0.623853
31.7317   0.180739   -0.562916
31.7567   0.19955   -0.49319
31.7817   0.222518   -0.429581
31.8068   0.245263   -0.358195
31.8318   0.273249   -0.297041
31.8568   0.2983   -0.231565
31.8819   0.326484   -0.174096
31.9069   0.355341   -0.120047
31.9319   0.384567   -0.0753065
31.9569   0.411581   -0.0326796
31.982   0.437846   0.00192323
32.007   0.461718   0.0298446
32.032   0.482393   0.0501435
32.057   0.501525   0.06097
32.0821   0.51565   0.0655418
32.1071   0.525683   0.0641792
32.1321   0.533504   0.0526867
32.1571   0.535039   0.0362243
32.1822   0.533823   0.0114506
32.2072   0.523809   -0.0147874
32.2322   0.515065   -0.0543082
32.2572   0.49983   -0.0975177
32.2822   0.479765   -0.141749
32.3073   0.456027   -0.19211
32.3323   0.429107   -0.243336
32.3573   0.398686   -0.293034
32.3824   0.366649   -0.354381
32.4074   0.331055   -0.422474
32.4324   0.293276   -0.480557
32.4574   0.255464   -0.540511
32.4825   0.21834   -0.599444
32.5075   0.18101   -0.655379
32.5325   0.152979   -0.715041
32.5575   0.112333   -0.757884
32.5825   0.0808476   -0.801775
32.6076   0.0528367   -0.841981
32.6326   0.0293185   -0.877424
32.6576   0.00838877   -0.905495
32.6827   -0.00664939   -0.929467
32.7077   -0.0168392   -0.946085
32.7327   -0.0225936   -0.95631
32.7577   -0.0216931   -0.962002
32.7828   -0.016083   -0.960807
32.8078   -0.00708251   -0.950662
32.8328   0.00815565   -0.935973
32.8578   0.0283454   -0.914941
32.8828   0.0510695   -0.888592
32.9079   0.0776827   -0.854032
32.9329   0.105842   -0.814978
32.9579   0.13862   -0.772367
32.983   0.171496   -0.724143
33.008   0.204792   -0.67145
33.033   0.239698   -0.615924
33.058   0.273307   -0.558653
33.0831   0.304719   -0.498654
33.1081   0.336303   -0.437118
33.1331   0.366239   -0.375746
33.1581   0.392908   -0.316522
33.1831   0.418112   -0.260995
33.2082   0.43921   -0.202054
33.2332   0.457132   -0.150322
33.2582   0.472789   -0.102572
33.2833   0.484203   -0.0589225
33.3083   0.494216   -0.0229918
33.3333   0.498256   0.00987015
33.3583   0.49996   0.0360987
33.3834   0.499727   0.0513617
33.4084   0.495176   0.061215
33.4334   0.487796   0.0638267
33.4584   0.47616   0.0605895
33.4834   0.463722   0.0450592
33.5085   0.446501   0.0257353
33.5335   0.427623   -0.000234907
33.5585   0.407732   -0.0359677
33.5836   0.38757   -0.0792821
33.6086   0.366282   -0.127044
33.6336   0.344266   -0.180319
33.6586   0.323479   -0.240153
33.6837   0.302355   -0.300741
33.7087   0.283758   -0.364494
33.7337   0.265667   -0.429242
33.7587   0.246411   -0.496769
33.7837   0.229344   -0.558885
33.8088   0.212742   -0.621285
33.8338   0.196745   -0.680221
33.8588   0.181013   -0.735061
33.8839   0.166366   -0.785707
33.9089   0.144862   -0.825037
33.9339   0.139181   -0.87074
33.9589   0.124297   -0.903374
33.984   0.112337   -0.930706
34.009   0.101433   -0.952204
34.034   0.0920398   -0.966385
34.059   0.0852161   -0.974113
34.084   0.079082   -0.974375
34.1091   0.076145   -0.967633
34.1341   0.074884   -0.954704
34.1591   0.0749214   -0.934027
34.1842   0.0779274   -0.907103
34.2092   0.0857084   -0.876207
34.2342   0.0930251   -0.835514
34.2592   0.104055   -0.792602
34.2843   0.116182   -0.741
34.3093   0.131454   -0.687248
34.3343   0.151044   -0.633529
34.3593   0.169109   -0.570658
34.3843   0.192432   -0.510448
34.4094   0.217255   -0.439392
34.4344   0.243351   -0.381515
34.4594   0.273429   -0.321284
34.4845   0.303075   -0.26182
34.5095   0.334688   -0.208304
34.5345   0.365105   -0.157009
34.5595   0.395308   -0.111935
34.5846   0.424477   -0.0722883
34.6096   0.451197   -0.0375559
34.6346   0.475796   -0.0100942
34.6596   0.497047   0.00952014
34.6846   0.515053   0.0233725
34.7097   0.529119   0.0287056
34.7347   0.537145   0.0312379
34.7597   0.542542   0.022266
34.7848   0.542791   0.00871248
34.8098   0.53682   -0.00978027
34.8348   0.528281   -0.0352813
34.8598   0.513824   -0.0665996
34.8849   0.495299   -0.104557
34.9099   0.472297   -0.144706
34.9349   0.445267   -0.190429
34.9599   0.417447   -0.240289
34.9849   0.385741   -0.293683
35.01   0.350734   -0.344903
35.035   0.314091   -0.405027
35.06   0.278066   -0.463681
35.0851   0.241985   -0.522683
35.1101   0.204568   -0.576959
35.1351   0.169324   -0.631683
35.1601   0.136122   -0.684296
35.1852   0.105591   -0.732295
35.2102   0.0768229   -0.77717
35.2352   0.0542502   -0.81822
35.2602   0.0328465   -0.853384
35.2852   0.0164677   -0.882705
35.3103   0.0051946   -0.906663
35.3353   -0.00120221   -0.925563
35.3603   -0.00297786   -0.939232
35.3854   -0.00111064   -0.943696
35.4104   0.00575762   -0.943848
35.4354   0.0167352   -0.937286
35.4604   0.0325417   -0.924807
35.4855   0.0509716   -0.90382
35.5105   0.0737736   -0.880713
35.5355   0.0989106   -0.84928
35.5605   0.124993   -0.812524
35.5855   0.151049   -0.767845
35.6106   0.183247   -0.724939
35.6356   0.212013   -0.673136
35.6606   0.240739   -0.619481
35.6857   0.272818   -0.564341
35.7107   0.2988   -0.505195
35.7357   0.324939   -0.445034
35.7607   0.349419   -0.385122
35.7858   0.372749   -0.327206
35.8108   0.39279   -0.269806
35.8358   0.41225   -0.21265
35.8608   0.426144   -0.159324
35.8858   0.440709   -0.11212
35.9109   0.450837   -0.0682216
35.9359   0.462082   -0.0330252
35.9609   0.465961   0.00142318
35.986   0.469024   0.0273557
36.011   0.470168   0.0437054
36.036   0.469567   0.0518621
36.061   0.464288   0.0559697
36.0861   0.45804   0.0481813
36.1111   0.446511   0.0395389
36.1361   0.437223   0.0147844
36.1611   0.42152   -0.00846621
36.1861   0.408235   -0.046161
36.2112   0.389738   -0.084504
36.2362   0.374741   -0.134888
36.2612   0.355941   -0.183458
36.2863   0.337594   -0.240755
36.3113   0.320086   -0.298264
36.3363   0.303268   -0.358673
36.3613   0.28505   -0.42242
36.3864   0.268277   -0.487195
36.4114   0.250135   -0.547795
36.4364   0.230314   -0.606381
36.4614   0.212396   -0.662162
36.4864   0.194634   -0.716705
36.5115   0.176682   -0.763593
36.5365   0.157246   -0.807731
36.5615   0.141843   -0.847045
36.5866   0.124452   -0.879529
36.6116   0.109706   -0.9063
36.6366   0.0949202   -0.926866
36.6616   0.0811309   -0.93967
36.6867   0.0705249   -0.947313
36.7117   0.0617545   -0.947602
36.7367   0.055686   -0.94216
36.7617   0.055057   -0.93059
36.7867   0.05498   -0.912199
36.8118   0.0568153   -0.886852
36.8368   0.0631004   -0.855335
36.8618   0.0687729   -0.817483
36.8869   0.0807418   -0.77519
36.9119   0.0956093   -0.726442
36.9369   0.113253   -0.674354
36.9619   0.139984   -0.62753
36.987   0.158837   -0.565937
37.012   0.18586   -0.509569
37.037   0.212578   -0.446496
37.062   0.242092   -0.387393
37.087   0.275595   -0.329218
37.1121   0.305107   -0.273062
37.1371   0.336803   -0.218774
37.1621   0.369232   -0.172906
37.1872   0.39976   -0.129213
37.2122   0.429034   -0.0912249
37.2372   0.455506   -0.0564992
37.2622   0.478213   -0.0308969
37.2873   0.499531   -0.0122941
37.3123   0.515269   0.00285999
37.3373   0.528549   0.00799981
37.3623   0.534333   0.0118503
37.3873   0.535139   0.00826607
37.4124   0.533773   -0.00418746
37.4374   0.528002   -0.023839
37.4624   0.514484   -0.045818
37.4875   0.496394   -0.0728706
37.5125   0.476192   -0.106799
37.5375   0.450974   -0.14463
37.5625   0.424387   -0.189704
37.5876   0.394392   -0.237378
37.6126   0.361432   -0.285675
37.6376   0.325313   -0.335737
37.6626   0.291784   -0.388887
37.6876   0.255784   -0.44681
37.7127   0.222386   -0.505695
37.7377   0.190969   -0.56218
37.7627   0.155535   -0.612192
37.7878   0.129055   -0.667706
37.8128   0.101802   -0.714457
37.8378   0.0772227   -0.757242
37.8628   0.0567532   -0.79776
37.8879   0.0433925   -0.835735
37.9129   0.0302495   -0.865605
37.9379   0.0228894   -0.890871
37.9629   0.0183575   -0.909114
37.9879   0.01845   -0.921725
38.013   0.0237015   -0.930042
38.038   0.031216   -0.930169
38.063   0.0432781   -0.925004
38.0881   0.0564357   -0.912218
38.1131   0.0749404   -0.894565
38.1381   0.0939298   -0.868887
38.1631   0.117757   -0.841105
38.1882   0.146446   -0.810003
38.2132   0.165701   -0.765379
38.2382   0.192265   -0.721051
38.2632   0.216193   -0.671844
38.2882   0.239047   -0.616103
38.3133   0.265578   -0.563705
38.3383   0.286876   -0.50479
38.3633   0.310921   -0.448393
38.3884   0.329892   -0.387737
38.4134   0.349851   -0.322225
38.4384   0.367457   -0.272624
38.4634   0.384861   -0.218449
38.4885   0.39903   -0.167546
38.5135   0.413075   -0.120696
38.5385   0.424023   -0.0773546
38.5635   0.435699   -0.0435649
38.5885   0.443538   -0.0135253
38.6136   0.447876   0.0110757
38.6386   0.450947   0.0291139
38.6636   0.451814   0.0387824
38.6887   0.451164   0.0399116
38.7137   0.448218   0.0322729
38.7387   0.442667   0.0191721
38.7637   0.437387   -0.0056219
38.7888   0.426066   -0.0295279
38.8138   0.416232   -0.0671917
38.8388   0.404374   -0.107406
38.8638   0.390679   -0.152788
38.8888   0.377081   -0.205667
38.9139   0.360903   -0.258719
38.9389   0.342702   -0.310943
38.9639   0.327208   -0.365854
38.989   0.309527   -0.43172
39.014   0.291499   -0.492452
39.039   0.273265   -0.551781
39.064   0.25232   -0.607977
39.0891   0.232034   -0.66129
39.1141   0.210725   -0.710812
39.1391   0.190812   -0.756778
39.1641   0.164777   -0.794699
39.1891   0.155374   -0.839156
39.2142   0.129204   -0.866577
39.2392   0.110631   -0.891652
39.2642   0.0938189   -0.910293
39.2892   0.0795233   -0.923581
39.3143   0.0669959   -0.930645
39.3393   0.0568798   -0.93087
39.3643   0.0503369   -0.924659
39.3894   0.0482798   -0.914048
39.4144   0.0483737   -0.894662
39.4394   0.0513924   -0.869877
39.4644   0.0599166   -0.842582
39.4894   0.0691565   -0.806977
39.5145   0.084543   -0.768089
39.5395   0.103372   -0.724589
39.5645   0.123849   -0.675776
39.5896   0.144891   -0.620749
39.6146   0.173928   -0.571542
39.6396   0.203134   -0.518014
39.6646   0.233933   -0.460748
39.6897   0.265622   -0.408668
39.7147   0.298364   -0.352161
39.7397   0.330901   -0.299643
39.7647   0.362986   -0.249586
39.7897   0.393704   -0.204451
39.8148   0.423678   -0.162355
39.8398   0.450772   -0.125958
39.8648   0.47485   -0.0934308
39.8898   0.495279   -0.0673458
39.9149   0.512011   -0.0456454
39.9399   0.523838   -0.0295308
39.9649   0.531273   -0.0190987
39.99   0.533817   -0.0151743
40.015   0.533468   -0.0193658
40.04   0.528305   -0.0284047
40.065   0.515695   -0.0414931
40.09   0.50114   -0.0622108
40.1151   0.481847   -0.0884443
40.1401   0.460778   -0.121286
40.1651   0.434188   -0.155861
40.1902   0.406185   -0.198239
40.2152   0.376109   -0.243442
40.2402   0.344265   -0.290473
40.2652   0.310315   -0.340534
40.2903   0.279713   -0.392715
40.3153   0.247072   -0.449071
40.3403   0.216925   -0.503665
40.3653   0.187021   -0.558483
40.3903   0.151063   -0.601501
40.4154   0.151063   -0.675824
40.4404   0.114122   -0.710981
40.4654   0.0939767   -0.754143
40.4905   0.0782157   -0.791004
40.5155   0.0668952   -0.827092
40.5405   0.0575749   -0.855977
40.5655   0.0526274   -0.881664
40.5906   0.0519623   -0.901602
40.6156   0.0528526   -0.914009
40.6406   0.0572923   -0.920124
40.6656   0.0661138   -0.921083
40.6906   0.0756749   -0.915133
40.7157   0.0887416   -0.903705
40.7407   0.104494   -0.886717
40.7657   0.120723   -0.860785
40.7908   0.140617   -0.834235
40.8158   0.151063   -0.792577
40.8408   0.179031   -0.758662
40.8658   0.198773   -0.713019
40.8909   0.218358   -0.663595
40.9159   0.238594   -0.611961
40.9409   0.25722   -0.558607
40.9659   0.278429   -0.50272
40.9909   0.296833   -0.446775
41.016   0.313314   -0.384534
41.041   0.33126   -0.332689
41.066   0.345924   -0.270737
41.0911   0.363533   -0.221048
41.1161   0.377781   -0.170309
41.1411   0.392425   -0.127246
41.1661   0.405669   -0.0862573
41.1912   0.418084   -0.0531812
41.2162   0.427311   -0.0237489
41.2412   0.435   -0.00142215
41.2662   0.442656   0.0105762
41.2912   0.446084   0.0196303
41.3163   0.448152   0.0183413
41.3413   0.449279   0.00898835
41.3663   0.445901   -0.00461366
41.3914   0.443098   -0.0292835
41.4164   0.436774   -0.0569703
41.4414   0.42659   -0.0889735
41.4664   0.417241   -0.131097
41.4915   0.405019   -0.17439
41.5165   0.391666   -0.224227
41.5415   0.376388   -0.273232
41.5665   0.358886   -0.328372
41.5915   0.340654   -0.380827
41.6166   0.321349   -0.441192
41.6416   0.301436   -0.49638
41.6666   0.279321   -0.552107
41.6917   0.255668   -0.603671
41.7167   0.231789   -0.655399
41.7417   0.207799   -0.702411
41.7667   0.184101   -0.746279
41.7918   0.15415   -0.780109
41.8168   0.137987   -0.820059
41.8418   0.117358   -0.849526
41.8668   0.0976437   -0.873445
41.8918   0.0794414   -0.890351
41.9169   0.0651587   -0.903274
41.9419   0.0545379   -0.911097
41.9669   0.0465279   -0.910921
41.992   0.0423963   -0.905919
42.017   0.0415938   -0.894632
42.042   0.042893   -0.875643
42.067   0.0492218   -0.852821
42.0921   0.0599445   -0.824555
42.1171   0.0740449   -0.79209
42.1421   0.0919447   -0.755107
42.1671   0.11216   -0.71166
42.1921   0.13647   -0.665841
42.2172   0.160303   -0.616762
42.2422   0.191242   -0.568777
42.2672   0.222284   -0.51768
42.2923   0.252663   -0.463482
42.3173   0.286131   -0.411998
42.3423   0.317686   -0.362825
42.3673   0.348903   -0.310636
42.3924   0.379211   -0.26166
42.4174   0.408606   -0.218285
42.4424   0.435751   -0.179296
42.4674   0.458713   -0.141654
42.4924   0.477916   -0.109047
42.5175   0.494939   -0.08266
42.5425   0.507106   -0.0619041
42.5675   0.515465   -0.0443599
42.5926   0.519772   -0.0346201
42.6176   0.520143   -0.0310525
42.6426   0.515099   -0.0319503
42.6676   0.506592   -0.0398643
42.6927   0.494413   -0.0537583
42.7177   0.477105   -0.0725518
42.7427   0.456685   -0.096451
42.7677   0.434083   -0.127693
42.7927   0.409862   -0.165827
42.8178   0.382931   -0.204802
42.8428   0.353689   -0.247173
42.8678   0.32363   -0.293689
42.8929   0.296428   -0.347001
42.9179   0.266693   -0.398141
42.9429   0.240278   -0.450532
42.9679   0.212564   -0.504822
42.993   0.186515   -0.556609
43.018   0.162931   -0.608198
43.043   0.147738   -0.663268
43.068   0.126993   -0.706108
43.093   0.110881   -0.749394
43.1181   0.0985389   -0.786285
43.1431   0.0887746   -0.82049
43.1681   0.0818541   -0.848745
43.1932   0.0783058   -0.871945
43.2182   0.0767921   -0.889757
43.2432   0.0766789   -0.900374
43.2682   0.0811263   -0.907665
43.2933   0.0876655   -0.908443
43.3183   0.0957852   -0.901623
43.3433   0.105413   -0.888231
43.3683   0.117966   -0.86918
43.3933   0.130487   -0.844711
43.4184   0.143381   -0.813673
43.4434   0.157212   -0.777622
43.4684   0.17832   -0.743042
43.4935   0.193752   -0.696301
43.5185   0.210712   -0.649949
43.5435   0.22825   -0.598763
43.5685   0.243942   -0.545654
43.5936   0.260795   -0.489355
43.6186   0.279407   -0.434642
43.6436   0.29593   -0.379844
43.6686   0.312369   -0.322887
43.6936   0.329196   -0.267968
43.7187   0.345623   -0.216772
43.7437   0.362334   -0.170275
43.7687   0.378174   -0.128132
43.7938   0.392055   -0.0893832
43.8188   0.406333   -0.0586129
43.8438   0.417828   -0.0316844
43.8688   0.429311   -0.0156324
43.8939   0.437979   -0.00307236
43.9189   0.443383   0.00303466
43.9439   0.447683   0.000789634
43.9689   0.450053   -0.00863075
43.9939   0.449431   -0.0243454
44.019   0.446511   -0.0467068
44.044   0.441326   -0.0753333
44.069   0.434163   -0.110223
44.0941   0.423534   -0.147883
44.1191   0.410639   -0.191257
44.1441   0.397051   -0.237062
44.1691   0.37883   -0.285346
44.1942   0.360543   -0.335877
44.2192   0.340614   -0.388719
44.2442   0.317693   -0.443766
44.2692   0.294789   -0.496445
44.2942   0.272141   -0.5527
44.3193   0.246495   -0.60142
44.3443   0.221176   -0.650678
44.3693   0.196534   -0.694711
44.3944   0.171981   -0.737233
44.4194   0.155894   -0.779588
44.4444   0.124317   -0.80589
44.4694   0.101782   -0.831812
44.4945   0.0830485   -0.855469
44.5195   0.066641   -0.871934
44.5445   0.0540875   -0.88351
44.5695   0.0441318   -0.889069
44.5945   0.0383543   -0.888143
44.6196   0.0369525   -0.883994
44.6446   0.0379384   -0.871948
44.6696   0.0443389   -0.854779
44.6947   0.0545585   -0.83385
44.7197   0.0683541   -0.807055
44.7447   0.0858321   -0.774489
44.7697   0.106055   -0.738943
44.7948   0.129223   -0.698791
44.8198   0.149534   -0.650516
44.8448   0.181662   -0.607859
44.8698   0.210549   -0.560638
44.8948   0.240619   -0.510245
44.9199   0.272249   -0.461101
44.9449   0.302159   -0.40702
44.9699   0.332915   -0.361463
44.995   0.361123   -0.312773
45.02   0.388909   -0.266368
45.045   0.415306   -0.223006
45.07   0.437104   -0.182911
45.0951   0.455272   -0.14578
45.1201   0.471926   -0.115255
45.1451   0.485605   -0.0908184
45.1701   0.493331   -0.0680255
45.1951   0.498316   -0.0518612
45.2202   0.499586   -0.0425779
45.2452   0.49736   -0.0387649
45.2702   0.489651   -0.0392567
45.2953   0.480114   -0.0487923
45.3203   0.466325   -0.061857
45.3453   0.448958   -0.0806782
45.3703   0.429498   -0.105453
45.3954   0.408848   -0.137193
45.4204   0.384597   -0.172359
45.4454   0.359923   -0.212816
45.4704   0.334897   -0.256965
45.4954   0.309261   -0.304605
45.5205   0.284805   -0.353794
45.5455   0.26008   -0.406183
45.5705   0.235733   -0.455938
45.5956   0.212814   -0.510944
45.6206   0.192708   -0.561315
45.6456   0.174408   -0.614312
45.6706   0.155686   -0.659592
45.6957   0.14758   -0.709762
45.7207   0.130216   -0.747254
45.7457   0.119613   -0.784597
45.7707   0.110839   -0.816463
45.7957   0.104767   -0.843111
45.8208   0.100107   -0.864609
45.8458   0.0991109   -0.882368
45.8708   0.0989538   -0.892281
45.8959   0.0994578   -0.894968
45.9209   0.104554   -0.894341
45.9459   0.11121   -0.886938
45.9709   0.117668   -0.873547
45.996   0.125849   -0.854013
46.021   0.136198   -0.829521
46.046   0.149534   -0.800504
46.071   0.170916   -0.771767
46.096   0.173508   -0.723991
46.1211   0.186586   -0.679657
46.1461   0.201049   -0.632219
46.1711   0.216365   -0.583357
46.1962   0.232094   -0.529282
46.2212   0.248279   -0.476749
46.2462   0.266443   -0.421302
46.2712   0.284594   -0.370531
46.2963   0.30258   -0.314204
46.3213   0.321944   -0.266362
46.3463   0.340388   -0.217543
46.3713   0.359053   -0.175815
46.3963   0.377262   -0.138155
46.4214   0.392659   -0.101857
46.4464   0.408952   -0.0734252
46.4714   0.423233   -0.0520733
46.4965   0.435068   -0.0354741
46.5215   0.446497   -0.028983
46.5465   0.454054   -0.026037
46.5715   0.459763   -0.0306548
46.5966   0.460804   -0.0383551
46.6216   0.46072   -0.0555112
46.6466   0.45882   -0.0797229
46.6716   0.452931   -0.108262
46.6966   0.441973   -0.138219
46.7217   0.430123   -0.17434
46.7467   0.415698   -0.215685
46.7717   0.399106   -0.259443
46.7968   0.37936   -0.306216
46.8218   0.358419   -0.353365
46.8468   0.335639   -0.40387
46.8718   0.310246   -0.455323
46.8969   0.28463   -0.506198
46.9219   0.25927   -0.55637
46.9469   0.231256   -0.60465
46.9719   0.204459   -0.649316
46.9969   0.178658   -0.692803
47.022   0.151092   -0.728754
47.047   0.130254   -0.765437
47.072   0.107768   -0.795753
47.0971   0.0881084   -0.820666
47.1221   0.0710504   -0.840762
47.1471   0.0572539   -0.856029
47.1721   0.0483127   -0.867539
47.1972   0.0422784   -0.872613
47.2222   0.0405702   -0.872589
47.2472   0.0421982   -0.866874
47.2722   0.0484681   -0.855285
47.2972   0.0568321   -0.838075
47.3223   0.0699191   -0.817128
47.3473   0.0862957   -0.789699
47.3723   0.105505   -0.759739
47.3974   0.127583   -0.724045
47.4224   0.151077   -0.684437
47.4474   0.179487   -0.642381
47.4724   0.205386   -0.5976
47.4975   0.234103   -0.550556
47.5225   0.263594   -0.502907
47.5475   0.291614   -0.455899
47.5725   0.319795   -0.404528
47.5975   0.346772   -0.357492
47.6226   0.37168   -0.310945
47.6476   0.395179   -0.265869
47.6726   0.416709   -0.222839
47.6977   0.435018   -0.185058
47.7227   0.449114   -0.148373
47.7477   0.461575   -0.118649
47.7727   0.471096   -0.0943975
47.7978   0.475603   -0.0721099
47.8228   0.478504   -0.058867
47.8478   0.478873   -0.0520178
47.8728   0.47362   -0.0473659
47.8978   0.466287   -0.0507132
47.9229   0.454881   -0.058954
47.9479   0.441508   -0.0732634
47.9729   0.426977   -0.0960027
47.998   0.408931   -0.121868
48.023   0.389449   -0.153924
48.048   0.368872   -0.191011
48.073   0.346771   -0.230241
48.0981   0.326175   -0.276173
48.1231   0.303452   -0.321604
48.1481   0.283911   -0.373032
48.1731   0.260759   -0.42132
48.1981   0.241359   -0.47107
48.2232   0.222651   -0.526101
48.2482   0.204511   -0.576185
48.2732   0.190184   -0.625871
48.2982   0.176092   -0.670849
48.3233   0.147967   -0.701994
48.3483   0.129387   -0.735657
48.3733   0.139089   -0.78587
48.3984   0.129748   -0.813975
48.4234   0.123419   -0.839528
48.4484   0.117643   -0.85879
48.4734   0.112805   -0.871943
48.4984   0.111655   -0.880572
48.5235   0.111422   -0.882396
48.5485   0.111695   -0.878235
48.5735   0.115944   -0.86976
48.5986   0.121324   -0.85539
48.6236   0.127352   -0.834447
48.6486   0.136131   -0.81046
48.6736   0.149076   -0.783309
48.6987   0.157231   -0.744899
48.7237   0.162913   -0.700725
48.7487   0.179041   -0.661975
48.7737   0.193364   -0.613409
48.7987   0.209707   -0.566603
48.8238   0.22636   -0.514455
48.8488   0.243332   -0.462462
48.8738   0.261566   -0.410306
48.8988   0.282563   -0.363776
48.9239   0.302486   -0.309305
48.9489   0.322577   -0.262936
48.9739   0.342773   -0.219303
48.999   0.363895   -0.180259
49.024   0.382793   -0.144643
49.049   0.402292   -0.117003
49.074   0.417843   -0.0898053
49.099   0.434622   -0.0739077
49.1241   0.446587   -0.0598352
49.1491   0.456326   -0.0519712
49.1741   0.463991   -0.0521383
49.1992   0.467315   -0.056041
49.2242   0.468264   -0.066056
49.2492   0.467901   -0.0844023
49.2742   0.46235   -0.107082
49.2993   0.45389   -0.133773
49.3243   0.442216   -0.164105
49.3493   0.428974   -0.201327
49.3743   0.410733   -0.238648
49.3993   0.391662   -0.280185
49.4244   0.368875   -0.325513
49.4494   0.345625   -0.368471
49.4744   0.321346   -0.420394
49.4994   0.294324   -0.466385
49.5245   0.267472   -0.51581
49.5495   0.240231   -0.561559
49.5745   0.213027   -0.609212
49.5996   0.185796   -0.648477
49.6246   0.157231   -0.68724
49.6496   0.137053   -0.727713
49.6746   0.115487   -0.759676
49.6996   0.0969222   -0.789066
49.7247   0.0807256   -0.813182
49.7497   0.0679283   -0.83231
49.7747   0.0570266   -0.846311
49.7998   0.0509738   -0.854857
49.8248   0.0492348   -0.85842
49.8498   0.049873   -0.857342
49.8748   0.0558031   -0.851957
49.8999   0.0639038   -0.838613
49.9249   0.0757479   -0.822631
49.9499   0.0915986   -0.801776
49.9749   0.109909   -0.774627
49.9999   0.129788   -0.743065
50.025   0.151073   -0.708079
50.05   0.177319   -0.671894
50.075   0.202988   -0.629322
50.1001   0.228966   -0.586188
50.1251   0.254238   -0.5393
50.1501   0.280897   -0.493652
50.1751   0.304385   -0.442976
50.2002   0.329652   -0.396006
50.2252   0.352651   -0.348357
50.2502   0.373757   -0.307019
50.2752   0.392086   -0.258922
50.3002   0.409506   -0.218345
50.3253   0.423833   -0.180955
50.3503   0.435938   -0.148329
50.3753   0.445748   -0.119894
50.4004   0.453206   -0.0972174
50.4254   0.455525   -0.0764695
50.4504   0.455535   -0.0622241
50.4754   0.454193   -0.0558695
50.5005   0.449001   -0.0538915
50.5255   0.441239   -0.0582749
50.5505   0.431596   -0.0692187
50.5755   0.41751   -0.0831147
50.6005   0.405014   -0.106295
50.6256   0.388998   -0.135053
50.6506   0.372778   -0.167151
50.6756   0.353832   -0.203564
50.7007   0.336106   -0.245061
50.7257   0.316716   -0.289933
50.7507   0.298209   -0.336683
50.7757   0.279692   -0.385975
50.8008   0.261914   -0.434466
50.8258   0.243463   -0.485928
50.8508   0.227303   -0.535058
50.8758   0.21223   -0.584242
50.9008   0.197753   -0.630323
50.9259   0.18355   -0.67538
50.9509   0.17242   -0.715217
50.9759   0.148005   -0.743162
51.001   0.131024   -0.77026
51.026   0.138302   -0.810903
51.051   0.129333   -0.831042
51.076   0.123046   -0.848717
51.1011   0.116811   -0.859625
51.1261   0.112583   -0.865532
51.1511   0.11158   -0.866417
51.1761   0.111227   -0.86107
51.2011   0.111745   -0.849374
51.2262   0.115739   -0.83316
51.2512   0.122797   -0.813827
51.2762   0.128901   -0.786219
51.3013   0.136865   -0.754165
51.3263   0.150449   -0.721483
51.3763   0.173608   -0.692016
51.4014   0.189713   -0.651014
51.4264   0.205836   -0.607933
51.4514   0.223713   -0.562627
51.4764   0.242666   -0.516277
51.5014   0.265524   -0.468964
51.5265   0.286402   -0.422789
51.5515   0.306863   -0.37395
51.5765   0.329371   -0.327752
51.6016   0.351951   -0.28549
51.6266   0.372738   -0.244966
51.6516   0.392165   -0.207693
51.6766   0.411844   -0.176141
51.7017   0.428592   -0.147224
51.7267   0.442474   -0.122142
51.7517   0.454414   -0.102125
51.7767   0.463121   -0.0879656
51.8017   0.467721   -0.0773814
51.8268   0.469674   -0.0738992
51.8518   0.469052   -0.0754051
51.8768   0.464756   -0.0834508
51.9019   0.45712   -0.0956998
51.9269   0.444637   -0.112093
51.9519   0.430817   -0.134973
51.9769   0.413897   -0.16209
52.002   0.393466   -0.193438
52.027   0.371957   -0.228485
52.052   0.349093   -0.269099
52.077   0.32343   -0.309958
52.102   0.297322   -0.35271
52.1271   0.271674   -0.400996
52.1521   0.243472   -0.447667
52.1771   0.216931   -0.49426
52.2022   0.191437   -0.541135
52.2272   0.167605   -0.587429
52.2772   0.123949   -0.610377
52.3023   0.105611   -0.652379
52.3273   0.0893504   -0.69368
52.3523   0.0763275   -0.729487
52.3773   0.0671545   -0.762902
52.4023   0.0617873   -0.791053
52.4274   0.059391   -0.815248
52.4524   0.0611282   -0.835354
52.4774   0.0649546   -0.848001
52.5025   0.0738877   -0.856611
52.5275   0.0844241   -0.858667
52.5525   0.0991374   -0.855833
52.5775   0.114275   -0.846206
52.6026   0.132795   -0.833099
52.6526   0.174385   -0.828269
52.6776   0.197572   -0.804729
52.7026   0.220795   -0.775884
52.7277   0.243735   -0.743531
52.7527   0.266799   -0.706397
52.7777   0.290202   -0.66833
52.8028   0.310968   -0.623675
52.8278   0.331954   -0.578189
52.8528   0.351787   -0.532627
52.8778   0.369953   -0.483999
52.9029   0.385475   -0.435017
52.9279   0.399829   -0.387875
52.9529   0.410617   -0.339048
52.9779   0.421895   -0.290754
53.0029   0.429652   -0.246829
53.028   0.434682   -0.204237
53.053   0.436054   -0.163716
53.078   0.43616   -0.126735
53.1031   0.435022   -0.0985054
53.1281   0.431109   -0.0729138
53.1531   0.423939   -0.0513942
53.1781   0.415897   -0.0372238
53.2032   0.405552   -0.0305401
53.2282   0.392688   -0.0277608
53.2532   0.3796   -0.034261
53.2782   0.365876   -0.048781
53.3032   0.349468   -0.0663556
53.3283   0.334484   -0.0939151
53.3533   0.317121   -0.125644
53.3783   0.301639   -0.164203
53.4034   0.285635   -0.2076
53.4284   0.269948   -0.254156
53.4534   0.253265   -0.303402
53.4784   0.236865   -0.351093
53.5035   0.221456   -0.405613
53.5285   0.206615   -0.457444
53.5535   0.191257   -0.508232
53.5785   0.178329   -0.560362
53.6035   0.1599   -0.601619
53.6536   0.14382   -0.641751
53.6786   0.130512   -0.680942
53.7037   0.120869   -0.71952
53.7287   0.114201   -0.752709
53.7537   0.10793   -0.782059
53.7787   0.105527   -0.806581
53.8038   0.105082   -0.827643
53.8288   0.105522   -0.841022
53.8538   0.10677   -0.84963
53.8788   0.113191   -0.854939
53.9038   0.120612   -0.852545
53.9289   0.130545   -0.846381
53.9539   0.152192   -0.841859
54.004   0.17199   -0.830364
54.029   0.189858   -0.810295
54.054   0.208853   -0.786769
54.079   0.229521   -0.760067
54.1041   0.251042   -0.729757
54.1291   0.276375   -0.698592
54.1541   0.298268   -0.660607
54.1791   0.321902   -0.622954
54.2041   0.34373   -0.580866
54.2292   0.366288   -0.53859
54.2542   0.387566   -0.496626
54.2792   0.406043   -0.449549
54.3042   0.423508   -0.404117
54.3293   0.438265   -0.360105
54.3543   0.449792   -0.314367
54.3793   0.460802   -0.272784
54.4044   0.466044   -0.229436
54.4294   0.468927   -0.189499
54.4544   0.468692   -0.153307
54.4794   0.46546   -0.119241
54.5044   0.459512   -0.0919012
54.5295   0.447949   -0.0644511
54.5545   0.434814   -0.0454381
54.5795   0.417207   -0.0284877
54.6046   0.397935   -0.0198397
54.6296   0.37731   -0.0185121
54.6546   0.35448   -0.0242354
54.6796   0.3291   -0.0351139
54.7047   0.30335   -0.0524522
54.7297   0.278964   -0.0824368
54.7547   0.253324   -0.113814
54.7797   0.227733   -0.154992
54.8047   0.202955   -0.196832
54.8298   0.17983   -0.245831
54.8798   0.139969   -0.274712
54.9048   0.121148   -0.33304
54.9299   0.106855   -0.396265
54.9549   0.094615   -0.458316
54.9799   0.0860614   -0.521117
55.005   0.080048   -0.581745
55.03   0.0789259   -0.638683
55.055   0.0797403   -0.690244
55.08   0.082083   -0.735827
55.105   0.0897727   -0.778254
55.1301   0.0983747   -0.81365
55.1551   0.110057   -0.841305
55.1801   0.124005   -0.863513
55.2052   0.14198   -0.879249
55.2552   0.176779   -0.898929
55.2802   0.196164   -0.902132
55.3053   0.21623   -0.898065
55.3303   0.235852   -0.888027
55.3553   0.257146   -0.874371
55.3803   0.27784   -0.854012
55.4053   0.29628   -0.828594
55.4304   0.315588   -0.800296
55.4554   0.334039   -0.765947
55.4804   0.348778   -0.726806
55.5054   0.365217   -0.688389
55.5305   0.378607   -0.642928
55.5555   0.390754   -0.597942
55.5805   0.402512   -0.551592
55.6056   0.410308   -0.500317
55.6306   0.417252   -0.451112
55.6556   0.421725   -0.399808
55.6806   0.425009   -0.347478
55.7056   0.424971   -0.295287
55.7307   0.42363   -0.244135
55.7557   0.422117   -0.198671
55.7807   0.416381   -0.152131
55.8058   0.4101   -0.111458
55.8308   0.400649   -0.0726169
55.8558   0.39047   -0.0395966
55.8808   0.378428   -0.0129984
55.9059   0.366371   0.00581704
55.9309   0.353291   0.0178724
55.9559   0.339166   0.0205581
55.9809   0.323261   0.017647
56.0059   0.307728   0.00635203
56.031   0.291659   -0.0117752
56.056   0.277274   -0.0404338
56.081   0.260009   -0.0732881
56.106   0.242456   -0.109497
56.1311   0.22669   -0.1523
56.1561   0.209955   -0.198528
56.1811   0.194028   -0.245816
56.2062   0.179301   -0.299997
56.2812   0.138312   -0.318614
56.3062   0.12807   -0.378991
56.3313   0.117927   -0.438275
56.3563   0.110827   -0.496998
56.3813   0.105575   -0.553717
56.4064   0.104229   -0.610833
56.4314   0.103422   -0.660415
56.4564   0.104929   -0.707773
56.4814   0.109722   -0.750634
56.5065   0.117415   -0.787396
56.5315   0.125124   -0.818383
56.5565   0.136404   -0.843512
56.6065   0.162317   -0.869633
56.6316   0.184095   -0.887654
56.6566   0.203622   -0.894826
56.6816   0.224377   -0.898996
56.7066   0.246505   -0.896658
56.7317   0.271056   -0.887849
56.7567   0.294884   -0.875156
56.7817   0.317691   -0.857089
56.8068   0.340706   -0.835266
56.8318   0.364302   -0.809649
56.8568   0.385019   -0.779411
56.8818   0.403886   -0.745366
56.9068   0.422322   -0.708057
56.9319   0.436784   -0.667687
56.9569   0.44843   -0.622284
56.9819   0.459019   -0.576564
57.007   0.465934   -0.529098
57.032   0.467794   -0.475374
57.057   0.467959   -0.41998
57.082   0.463578   -0.362125
57.1071   0.455556   -0.301436
57.1321   0.444499   -0.239937
57.1571   0.431796   -0.180117
57.1821   0.415963   -0.118863
57.2071   0.396955   -0.059893
57.2322   0.377538   -0.00537747
57.2572   0.355256   0.0440998
57.2822   0.330922   0.0890258
57.3072   0.304984   0.125539
57.3323   0.282831   0.1466
57.3573   0.259164   0.159946
57.3823   0.234522   0.165283
57.4074   0.211036   0.156756
57.4324   0.190397   0.136329
57.4574   0.172203   0.102278
57.5074   0.136242   0.0912067
57.5325   0.123446   0.0371178
57.5575   0.111714   -0.0278324
57.5825   0.103898   -0.0977241
57.6076   0.0987045   -0.174423
57.6326   0.0943097   -0.251455
57.6576   0.0937971   -0.337046
57.6826   0.0972989   -0.416858
57.7077   0.103873   -0.49913
57.7327   0.110863   -0.569405
57.7577   0.118833   -0.637968
57.7827   0.130473   -0.696409
57.8077   0.149051   -0.755036
57.8578   0.174233   -0.80643
57.8828   0.19146   -0.84515
57.9078   0.20939   -0.87455
57.9329   0.227135   -0.896298
57.9579   0.244893   -0.912705
57.9829   0.261685   -0.920743
58.008   0.27934   -0.924713
58.033   0.296541   -0.9214
58.058   0.313139   -0.913319
58.083   0.328254   -0.900469
58.108   0.345743   -0.88351
58.1331   0.358268   -0.858994
58.1581   0.371222   -0.831536
58.1831   0.383734   -0.802471
58.2082   0.392412   -0.768083
58.2332   0.402432   -0.72912
58.2582   0.409447   -0.688308
58.2832   0.414743   -0.642519
58.3083   0.416387   -0.595475
58.3333   0.417636   -0.544083
58.3583   0.417099   -0.492197
58.3833   0.415816   -0.438287
58.4083   0.413827   -0.384339
58.4334   0.407681   -0.323996
58.4584   0.399469   -0.266211
58.4834   0.389866   -0.208058
58.5084   0.379955   -0.153989
58.5335   0.366082   -0.0961482
58.5585   0.353793   -0.0458329
58.5835   0.340022   -0.0015586
58.6086   0.324406   0.038335
58.6336   0.308074   0.0730845
58.6586   0.291329   0.0984656
58.6836   0.274657   0.114095
58.7086   0.257443   0.12265
58.7337   0.239932   0.121792
58.7587   0.222452   0.112015
58.7837   0.204039   0.0950665
58.8088   0.186803   0.0707638
58.8338   0.171437   0.0341922
58.8838   0.144238   0.0130206
58.9089   0.129779   -0.0350265
58.9339   0.11795   -0.0863581
58.9589   0.10961   -0.151695
58.9839   0.104263   -0.221273
59.0089   0.099836   -0.292563
59.034   0.0986894   -0.364705
59.059   0.0989647   -0.436668
59.084   0.104198   -0.508502
59.109   0.111098   -0.577215
59.1341   0.118572   -0.63733
59.1591   0.130002   -0.696678
59.1841   0.150025   -0.753179
59.2342   0.179063   -0.805626
59.2592   0.198659   -0.843559
59.2842   0.219758   -0.873614
59.3092   0.240999   -0.89661
59.3343   0.265508   -0.913636
59.3593   0.290156   -0.924661
59.3843   0.312831   -0.928162
59.4094   0.334644   -0.925529
59.4344   0.358106   -0.919499
59.4594   0.377896   -0.907034
59.4844   0.397262   -0.890238
59.5095   0.41483   -0.869129
59.5345   0.429004   -0.842259
59.5595   0.441408   -0.812775
59.5845   0.449476   -0.777887
59.6095   0.455315   -0.740266
59.6346   0.458012   -0.696618
59.6596   0.456378   -0.649721
59.6846   0.453921   -0.595923
59.7096   0.446296   -0.540889
59.7347   0.436265   -0.479299
59.7597   0.424335   -0.414416
59.7847   0.409065   -0.340167
59.8098   0.39136   -0.266041
59.8348   0.372637   -0.188287
59.8598   0.353712   -0.112627
59.8848   0.331216   -0.035026
59.9098   0.308979   0.0372279
59.9349   0.285787   0.104293
59.9599   0.265051   0.159289
59.9849   0.242032   0.20737
60.01   0.221995   0.240913
60.035   0.201699   0.264684
60.06   0.184465   0.271917
60.085   0.164183   0.273729
60.1351   0.141132   0.271262
60.1601   0.129341   0.239874
60.1851   0.120313   0.198012
60.2101   0.113091   0.142897
60.2352   0.110053   0.0771146
60.2602   0.110076   0.000779034
60.2852   0.110898   -0.0804128
60.3103   0.112386   -0.163812
60.3353   0.11849   -0.249828
60.3603   0.125412   -0.339919
60.3853   0.135571   -0.426473
60.4104   0.155549   -0.516803
60.4604   0.170441   -0.592394
60.4854   0.184066   -0.659381
60.5104   0.198515   -0.716932
60.5355   0.213738   -0.767357
60.5605   0.229468   -0.808935
60.5855   0.243988   -0.844623
60.6106   0.260118   -0.872879
60.6356   0.27766   -0.895565
60.6606   0.291517   -0.910765
60.6856   0.306519   -0.921224
60.7107   0.321732   -0.925392
60.7357   0.336149   -0.923877
60.7607   0.348401   -0.918118
60.7857   0.362235   -0.907721
60.8107   0.3732   -0.891227
60.8358   0.384478   -0.871815
60.8608   0.392834   -0.848298
60.8858   0.400485   -0.820102
60.9109   0.407498   -0.788741
60.9359   0.410756   -0.752382
60.9609   0.41167   -0.710197
60.9859   0.411484   -0.668609
61.011   0.410738   -0.621699
61.036   0.407261   -0.57046
61.061   0.401714   -0.51532
61.086   0.395804   -0.460199
61.111   0.385712   -0.401068
61.1361   0.374853   -0.332996
61.1611   0.362904   -0.268477
61.1861   0.347894   -0.200067
61.2112   0.333918   -0.135024
61.2362   0.317295   -0.0668857
61.2612   0.298967   -0.002532
61.2862   0.282685   0.0536818
61.3113   0.266525   0.102931
61.3363   0.246032   0.150319
61.3613   0.227557   0.186568
61.3863   0.209543   0.211535
61.4113   0.191433   0.227596
61.4364   0.173919   0.233104
61.4864   0.149848   0.240852
61.5114   0.129526   0.233569
61.5365   0.117414   0.204955
61.5615   0.107096   0.165632
61.5865   0.100529   0.115304
61.6116   0.0972445   0.0515336
61.6366   0.0945134   -0.0140936
61.6616   0.0942514   -0.0874072
61.6866   0.0995675   -0.173306
61.7116   0.105802   -0.259231
61.7367   0.115405   -0.345977
61.7617   0.126479   -0.432161
61.7867   0.148061   -0.523004
61.8368   0.176244   -0.608498
61.8618   0.194688   -0.675575
61.8868   0.216366   -0.736443
61.9119   0.236683   -0.786519
61.9369   0.260462   -0.831329
61.9619   0.284563   -0.868138
61.9869   0.305465   -0.89557
62.0119   0.328224   -0.917439
62.037   0.348393   -0.930321
62.062   0.368209   -0.939164
62.087   0.386483   -0.941947
62.112   0.402923   -0.940267
62.1371   0.416891   -0.932474
62.1621   0.428329   -0.919247
62.1871   0.437273   -0.902088
62.2122   0.44275   -0.87969
62.2372   0.443702   -0.853281
62.2622   0.443541   -0.821966
62.2872   0.441316   -0.78596
62.3122   0.436075   -0.743809
62.3373   0.426938   -0.697218
62.3623   0.416348   -0.643876
62.3873   0.403043   -0.586553
62.4124   0.387433   -0.520057
62.4374   0.368498   -0.447267
62.4624   0.351669   -0.37358
62.4874   0.331058   -0.288959
62.5125   0.31121   -0.202744
62.5375   0.290988   -0.114323
62.5625   0.272258   -0.031846
62.5875   0.252365   0.0482963
62.6125   0.2321   0.122005
62.6376   0.213217   0.186834
62.6626   0.197072   0.237169
62.6876   0.181226   0.277664
62.7126   0.16728   0.303356
62.7877   0.136629   0.347096
62.8128   0.130077   0.341822
62.8378   0.124789   0.324591
62.8628   0.123185   0.292727
62.8878   0.122874   0.248548
62.9128   0.123555   0.194235
62.9379   0.126294   0.130072
62.9629   0.131789   0.0541964
62.9879   0.138072   -0.0249882
