0 13424 14461 3796 30
1 14117 14854 3924 30
2 13957 14601 3597 30
3 13921 14592 3269 30
4 14123 14970 3054 30
5 13864 14964 2581 30
6 14150 15156 2337 30
8 14214 15001 1549 30
9 14128 14669 1236 30
10 14253 15192 1015 30
12 23621 24859 848 50
15 32904 35053 208 70
20 46673 49954 58 100
-1 13830 15028 3866 30
-2 13855 14944 3691 30
-3 13763 14926 3295 30
-4 13990 14862 3013 30
-5 13985 15080 2770 30
-6 14115 15067 2476 30
-7 13918 14993 2007 30
-8 14028 14891 1628 30   
-9 14284 14766 1383 30   
-10 13795 14853 987 30   
-12 23116 24599 858 50   
-15 33157 34861 232 70   
-20 46669 49601 45 100   