0 14110 20264 4868 30
1 14348 20314 4730 30
2 14207 20032 4403 30
3 14123 20496 4144 30
4 14257 20413 3182 30
5 14289 20413 3182 30
6 14461 20655 2812 30
7 14145 20576 2193 30
8 14553 20383 1860 30
9 14362 20144 1364 30
10 14158 20416 984 30
12 23920 34067 690 50
15 33586 46902 145 70
20 47662 67456 130 100
-1 14292 20405 4995 30
-2 14215 20233 4738 30
-3 14261 20486 4556 30
-4 14158 20346 4170 30
-5 14220 19779 3444 30
-6 14129 19979 2935 30
-7 14241 19900 2466 30
-8 14354 19796 2105 30
-9 14325 19931 1689 30
-10 24282 33569 2378 50
-12 24056 33543 1084 50
-15 33414 46357 257 70
-20 47918 66301 120 100