0.29673 0.70825 0.81997 0.30124 0.17849 0.91795 0.53739 0.26518 0.013052 1.4051 1.6433 1.3594 1.2387
0.52714 0.17689 0.20816 0.078461 0.25238 1.049 0.86792 0.094201 0.41386 0.55089 1.0004 0.83794 1.483
0.12517 0.25703 -0.41265 0.41076 1.8336 3.3596 3.4171 1.2339 0.90296 1.9282 1.6835 0.18684 1.8662
-0.26727 -0.8237 -0.16854 1.9095 5.1853 7.8934 7.231 4.2403 2.7648 3.665 4.7439 2.4235 2.2072
0.044563 -0.20029 1.0213 3.9398 8.6514 12.987 11.135 7.5728 6.9572 10.708 10.858 6.4738 3.5337
0.17428 0.31466 0.99501 3.8796 8.5302 11.538 11.222 9.6019 12.895 19.446 19.177 10.01 4.2491
0.37122 0.50254 1.048 2.4533 4.8597 7.4661 6.3433 9.1141 16.932 25.187 22.429 11.71 3.9851
0.42518 0.23633 0.1755 0.7648 2.1874 2.415 2.7253 5.7992 13.13 20.63 17.232 8.4741 2.256
-0.029783 0.17546 0.32982 0.33364 0.37021 0.20848 0.23961 2.5285 5.6745 9.8282 8.1563 3.5909 1.1288
0.27145 -0.15597 0.17502 0.12418 0.05699 0.34163 0.46051 0.36964 1.6927 2.0048 2.2978 0.12104 0.55417
0.55561 0.48331 0.0092923 0.3377 0.22638 0.29979 0.28817 0.052602 0.78741 0.6759 0.76549 -0.19276 1.2416
0.57873 0.36815 0.41303 -0.2262 0.25385 0.23417 0.16832 0.0016158 0.12354 0.7292 0.42854 0.45829 1.5903
0.31967 0.34956 0.43687 0.59704 -0.048185 0.38334 0.36291 -0.15132 0.15329 1.0419 1.2423 0.59108 1.3755