195 30 5634 6018 35
195 25 5654 4477 237
195 20 5733 5932 691
195 15 5690 5913 1072
195 10 5567 5800 927
195 5 5682 5698 617
195 0 5651 5491 500
195 -5 5659 5483 512
195 -10 5823 5474 380
195 -15 5755 5228 163
195 -20 5590 5228 26
195 -25 5549 5052 13
195 -30 5588 4951 4
210 -30 5423 5334 12
210 -25 5502 5360 20
210 -20 5459 5269 17
210 -15 5421 5564 55
210 -10 5438 5770 259
210 -5 5396 5600 445
210 0 5389 5870 649
210 5 5372 5921 831
210 10 5568 6039 1148
210 15 5377 5944 893
210 20 5297 6101 454
210 25 5406 6140 97
210 30 5325 6137 16
225 30 5181 6424 20
225 25 5090 6402 20
225 20 5060 6286 199
225 15 5163 6361 671
225 10 5064 6235 1155
225 5 5094 6218 1178
225 0 4938 6186 751
225 -5 5232 6128 389
225 -10 5177 5923 165
225 -15 5079 5939 36
225 -20 5159 5742 9
225 -25 4945 5630 4
225 -30 5002 5564 9
240 -30 4807 5871 5
240 -25 4689 6061 3
240 -20 4780 6084 14
240 -15 4831 6192 11
240 -10 4858 6216 80
240 -5 4843 6402 333
240 0 4845 6538 916
240 5 4770 6564 1362
240 10 4676 6455 1013
240 15 4736 6540 419
240 20 4700 6427 55
240 25 4764 6626 18
240 30 4789 6634 10
255 30 4719 6702 6
255 25 4641 6846 16
255 20 4666 6749 67
255 15 4798 6699 296
255 10 4697 6607 747
255 5 4640 6584 1249
255 0 4720 6702 1158
255 -5 4735 6535 538
255 -10 4626 6476 82
255 -15 4707 6429 20
255 -20 4697 6339 11
255 -25 4668 6292 3
255 -30 4733 6286 6
270 -30 4758 6401 7
270 -25 4849 6600 10
270 -20 4836 6596 11
270 -15 4781 6724 28
270 -10 4762 6757 287
270 -5 4709 6677 851
270 0 4776 6931 1253
270 5 4804 6981 1076
270 10 4807 7018 618
270 15 4805 6748 259
270 20 4853 6639 86
270 25 4841 6631 12
270 30 4786 6640 8
285 30. 4777 6266 9
285 25. 4827 6446 12
285 20. 4680 6540 80
285 15. 4788 6768 315
285 10. 4772 6637 491
285 5.0 4788 6886 706
285 0.0 4711 6915 928
285 -5. 4741 7022 1039
285 -10 4763 6984 688
285 -15 4834 7021 228
285 -20 4907 6611 18
285 -25 4805 6734 10
285 -30 4767 6681 6
300 -30 4685 6946 11
300 -25 4732 6679 12
300 -20 4798 6954 127
300 -15 4740 6971 524
300 -10 4739 6974 955
300 -5. 4817 6754 916
300 0.0 4657 6817 621
300 5.0 4739 6582 525
300 10. 4653 6734 527
300 15. 4886 6473 307
300 20. 4813 6261 86
300 25. 4715 6209 9
300 30. 4747 5976 9
315 30. 4638 5933 7
315 25. 4704 6071 12
315 20. 4704 6034 67
315 15. 4839 6206 273
315 10. 4759 6316 481
315 5.0 4782 6453 552
315 0.0 4856 6570 397
315 -5. 4680 6557 583
315 -10 4919 6690 984
315 -15 4780 6826 849
315 -20 4724 6695 383
315 -25 4742 6682 60
315 -30 4706 6549 9
330 -30 4898 6681 14
330 -25 4858 6605 219
330 -20 4815 6589 637
330 -15 4838 6422 974
330 -10 4908 6391 737
330 -5. 4953 6409 409
330 0.0 4955 6035 364
330 5.0 4853 5995 541
330 10. 4835 5979 396
330 15. 4767 5962 195
330 20. 4935 5731 38
330 25. 4921 5689 6
330 30. 4954 5514 6
345 30. 5027 5248 8
345 25. 5099 5438 7
345 20. 5145 5576 12
345 15. 5142 5644 125
345 10. 5051 5713 362
345 5.0 5115 5842 525
345 0.0 5040 5755 386
345 -5. 5041 5871 339
345 -10 5137 6101 598
345 -15 4994 6274 1005
345 -20 5016 6282 840
345 -25 5152 6432 431
345 -30 4988 6519 66
