0 -30 15898 18873 630
0 -25 15883 18672 1441
0 -20 15710 18354 2965
0 -15 15970 17953 2656
0 -10 15781 17330 1434
0 -5 15886 17297 1105
0 0 15988 16844 1533
0 5 16061 16840 1383
0 10 16088 16502 678
0 15 15629 16039 118
0 20 15688 15988 21
0 25 15915 15459 24
0 30 15811 15290 16
15 30 16885 14105 13
15 25 16777 14620 13
15 20 16765 15368 33
15 15 16963 15479 34
15 10 17013 15539 389
15 5 16837 16022 999
15 0 16962 16295 1642
15 -5 16949 16678 1545
15 -10 17052 16838 1740
15 -15 16880 17167 2599
15 -20 16796 17527 3042
15 -25 17087 17727 2024
15 -30 16892 18048 804
30 -30 18041 17239 630
30 -25 17949 16866 1691
30 -20 18030 16646 2905
30 -15 17960 16596 3035
30 -10 18254 16425 2354
30 -5 17996 15997 2036
30 0 18035 15688 1525
30 5 18050 15284 849
30 10 18064 14937 216
30 15 18265 14354 34
30 20 18156 13987 27
30 25 17959 13646 19
30 30 17967 13361 8
45 30 19321 13365 11
45 25 19153 13221 13
45 20 19087 13561 25
45 15 19195 13603 53
45 10 19383 13826 81
45 5 19037 14015 447
45 0 19188 14786 1471
45 -5 19147 15123 2739
45 -10 19222 15657 3403
45 -15 19173 15843 3397
45 -20 19258 15944 2480
45 -25 19236 16379 1233
45 -30 19288 16624 345
60 -30 20156 15740 107
60 -25 19996 15589 692
60 -20 19796 15257 1657
60 -15 19917 14751 2988
60 -10 19890 14346 3696
60 -5 19774 13906 3268
60 0 19930 13888 1697
60 5 19925 13745 404
60 10 20019 13488 52
60 15 19654 13442 46
60 20 20059 13362 34
60 25 20071 13586 20
60 30 20126 13672 13
75 30 20602 13621 21
75 25 20807 13839 35
75 20 30741 13866 32
75 15 20917 13899 61
75 10 20419 13874 172
75 5 20684 13593 910
75 0 20679 13506 2343
75 -5 20679 13745 3823
75 -10 20814 13753 3793
75 -15 20444 13860 2350
75 -20 20585 14166 943
75 -25 20631 14391 173
75 -30 20786 14671 65
90 -30 21511 13950 49
90 -25 21503 13830 63
90 -20 21435 13433 430
90 -15 21259 13578 1602
90 -10 21258 13746 3270
90 -5 21478 13785 3787
90 0 21378 14064 3214
90 5 21431 14047 2104
90 10 21390 13971 956
90 15 21415 13718 211
90 20 21298 13713 47
90 25 21343 13680 39
90 30 21509 13427 28
105 30 21598 13697 33
105 25 21756 13477 32
105 20 21569 13735 237
105 15 21633 13738 977
105 10 21835 13891 2001
105 5 21898 14260 2947
105 0 21872 14256 3331
105 -5 21853 14193 2970
105 -10 21603 14195 2417
105 -15 21576 14095 1276
105 -20 21506 13764 519
105 -25 21572 13670 101
105 -30 21652 13637 36
120 -30 21267 13945 31
120 -25 21065 14249 122
120 -20 21195 14153 557
120 -15 21286 14039 1250
120 -10 21055 13980 1760
120 -5 21303 13853 1847
120 0 21330 14070 2362
120 5 21044 13816 2922
120 10 21001 13897 2873
120 15 21222 13780 1989
120 20 20995 13757 880
120 25 21101 13790 156
120 30 21371 13979 32
135 30 20432 14473 73
135 25 20501 14315 560
135 20 20389 14133 1609
135 15 20658 14088 2691
135 10 20200 13995 3001
135 5 20352 14136 2233
135 0 20354 14012 1447
135 -5 20448 14073 1305
135 -10 20524 14163 1699
135 -15 20369 14013 1261
135 -20 20550 14082 571
135 -25 20376 14144 112
135 -30 20455 14181 26
150 -30 19499 13955 20
150 -25 19441 14054 80
150 -20 19471 14098 485
150 -15 19600 13866 1108
150 -10 19469 14252 1682
150 -5 19565 14404 1350
150 0 19567 14358 976
150 5 19432 14349 1453
150 10 19397 14506 2675
150 15 19510 14783 3090
150 20 19478 14046 2184
150 25 19553 14950 966
150 30 19479 15130 184
165 30 18600 16095 251
165 25 18488 15894 1118
165 20 16377 15683 2407
165 15 18606 15697 3234
165 10 18449 15232 2228
165 5 18580 15087 1288
165 0 18283 14790 971
165 -5 18547 14819 1506
165 -10 18593 14392 1581
165 -15 18443 14504 982
165 -20 18508 14396 387
165 -25 18390 14115 51
165 -30 18394 14376 17
180 -30 18133 14477 17
180 -25 17880 14808 26
180 -20 17829 14806 215
180 -15 17675 15015 712
180 -10 17794 15217 1344
180 -5 17631 15674 1617
180 0 17737 15546 1190
180 5 17712 15787 1320
180 10 17524 16178 2228
180 15 17480 16455 3202
180 20 17621 16486 2332
180 25 17546 16708 1005
180 30 17820 17022 177
