48 16764 18214 12 30 5
68 16865 18089 11 30 5 
91 16733 18204 16 30 5 
121 16668 18305 12 30 5
121 33423 36670 23 60 5 
151 33180 36238 33 60 5 
174 33323 36863 37 60 5
204 33413 36495 37 60 5
230 50292 54389 42 90 5
274 50195 54382 47 90 25
504 50249 54665 59 90 25
720 50021 54706 65 90 25 
850 50271 54414 84 90 25 
1120 50114 54908 96 90 25 
1480 51716 54149 124 90 125
2190 51732 53898 162 90 125
2800 51505 53670 188 90 125
3580 51475 54026 238 90 125
4180 51516 53665 305 90 125
5520 51707 53935 307 90 125