0.000, 91.086691                                            
0.346, 90.598291                                            
0.692, 91.086691                                            
1.038, 90.598291                                            
1.384, 89.621490                                            
1.730, 90.109890                                            
2.076, 90.109890                                            
2.422, 90.598291                                            
2.768, 89.133089                                            
3.114, 88.156288                                            
3.460, 89.621490                                            
3.806, 88.644689                                            
4.152, 87.179487                                            
4.498, 88.644689                                            
4.844, 88.156288                                            
5.190, 88.156288                                            
5.536, 86.202686                                            
5.882, 86.691087                                            
6.228, 87.667888                                            
6.574, 86.691087                                            
6.920, 86.202686                                            
7.266, 86.691087                                            
7.612, 85.225885                                            
7.958, 84.737485                                            
8.304, 85.225885                                            
8.651, 84.249084                                            
8.997, 85.225885                                            
9.343, 84.737485                                            
9.689, 84.249084                                            
10.035, 83.272283                                           
10.381, 82.295482                                           
10.727, 83.272283                                           
11.073, 82.783883                                           
11.419, 82.295482                                           
11.765, 81.807082                                           
12.111, 82.783883                                           
12.457, 82.783883                                           
12.803, 80.341880                                           
13.149, 81.318681                                           
13.495, 81.318681                                           
13.841, 80.830281                                           
14.187, 80.830281                                           
14.533, 79.365079                                           
14.879, 78.388278                                           
15.225, 80.341880                                           
15.571, 77.411477                                           
15.917, 77.411477                                           
16.263, 78.388278                                           
16.609, 76.923077                                           
16.955, 77.411477                                           
17.301, 76.434676                                           
17.647, 77.411477                                           
17.993, 76.923077                                           
18.339, 76.434676                                           
18.685, 76.434676                                           
19.031, 76.434676                                           
19.377, 76.434676                                           
19.723, 74.481074                                           
20.069, 75.457875                                           
20.415, 74.969475                                           
20.761, 73.992674                                           
21.107, 73.504274                                           
21.453, 74.481074                                           
21.799, 73.015873                                           
22.145, 73.504274                                           
22.491, 71.550672                                           
22.837, 73.992674                                           
23.183, 72.039072                                           
23.529, 71.550672                                           
23.875, 72.039072                                           
24.221, 71.062271                                           
24.567, 70.085470                                           
24.913, 70.085470                                           
25.260, 71.062271                                           
25.606, 68.620269                                           
25.952, 69.597070                                           
26.298, 68.620269                                           
26.644, 69.597070                                           
26.990, 68.620269                                           
27.336, 66.666667                                           
27.682, 68.620269                                           
28.028, 68.620269                                           
28.374, 68.620269                                           
28.720, 66.666667                                           
29.066, 68.620269                                           
29.412, 66.666667                                           
29.758, 66.666667                                           
30.104, 66.666667                                           
30.450, 67.155067                                           
30.796, 66.666667                                           
31.142, 65.689866                                           
31.488, 65.689866                                           
31.834, 65.689866                                           
32.180, 64.713065                                           
32.526, 65.201465                                           
32.872, 65.201465                                           
33.218, 65.201465                                           
33.564, 63.736264                                           
33.910, 63.247863                                           
34.256, 62.759463                                           
34.602, 63.736264                                           
34.948, 62.759463                                           
35.294, 61.294261                                           
35.640, 62.271062                                           
35.986, 61.782662                                           
36.332, 61.294261                                           
36.678, 60.805861                                           
37.024, 61.294261                                           
37.370, 60.805861                                           
37.716, 59.829060                                           
38.062, 60.805861                                           
38.408, 60.805861                                           
38.754, 59.829060                                           
39.100, 58.852259                                           
39.446, 59.829060                                           
39.792, 59.340659                                           
40.138, 58.852259                                           
40.484, 58.852259                                           
40.830, 59.829060                                           
41.176, 58.852259                                           
41.522, 58.363858                                           
41.869, 57.875458                                           
42.215, 57.875458                                           
42.561, 57.387057                                           
42.907, 56.898657                                           
43.253, 56.410256                                           
43.599, 57.387057                                           
43.945, 56.410256                                           
44.291, 54.945055                                           
44.637, 55.921856                                           
44.983, 55.921856                                           
45.329, 55.433455                                           
45.675, 55.433455                                           
46.021, 54.945055                                           
46.367, 54.945055                                           
46.713, 54.456654                                           
47.059, 53.479853                                           
47.405, 53.968254                                           
47.751, 53.968254                                           
48.097, 54.945055                                           
48.443, 53.479853                                           
48.789, 53.479853                                           
49.135, 52.014652                                           
49.481, 53.479853                                           
49.827, 53.479853                                           
50.173, 52.991453                                           
50.519, 52.014652                                           
50.865, 52.014652                                           
51.211, 52.991453                                           
51.557, 52.991453                                           
51.903, 51.037851                                           
52.249, 51.526252                                           
52.595, 51.526252                                           
52.941, 51.037851                                           
53.287, 51.037851                                           
53.633, 50.061050                                           
53.979, 51.037851                                           
54.325, 49.572650                                           
54.671, 49.572650                                           
55.017, 49.572650                                           
55.363, 50.061050                                           
55.709, 49.084249                                           
56.055, 49.084249                                           
56.401, 49.084249                                           
56.747, 49.572650                                           
57.093, 48.107448                                           
57.439, 48.595849                                           
57.785, 49.084249                                           
58.131, 49.084249                                           
58.478, 47.619048                                           
58.824, 47.130647                                           
59.170, 48.107448                                           
59.516, 48.107448                                           
59.862, 47.619048                                           
60.208, 48.107448                                           
60.554, 47.619048                                           
60.900, 47.130647                                           
61.246, 49.084249                                           
61.592, 47.130647                                           
61.938, 46.642247                                           
62.284, 46.642247                                           
62.630, 46.642247                                           
62.976, 46.153846                                           
63.322, 46.153846                                           
63.668, 46.642247                                           
64.014, 46.642247                                           
64.360, 45.665446                                           
64.706, 43.711844                                           
65.052, 46.153846                                           
65.398, 44.200244                                           
65.744, 45.177045                                           
66.090, 44.200244                                           
66.436, 45.177045                                           
66.782, 45.177045                                           
67.128, 45.177045                                           
67.474, 45.177045                                           
67.820, 44.200244                                           
68.166, 44.200244                                           
68.512, 45.177045                                           
68.858, 44.200244                                           
69.204, 44.688645                                           
69.550, 44.200244                                           
69.896, 43.711844                                           
70.242, 44.200244                                           
70.588, 43.711844                                           
70.934, 43.223443                                           
71.280, 43.711844                                           
71.626, 43.223443                                           
71.972, 44.200244                                           
72.318, 43.223443                                           
72.664, 42.735043                                           
73.010, 43.223443                                           
73.356, 43.223443                                           
73.702, 43.223443                                           
74.048, 42.246642                                           
74.394, 41.758242                                           
74.740, 42.735043                                           
75.087, 41.758242                                           
75.433, 42.246642                                           
75.779, 41.269841                                           
76.125, 40.781441                                           
76.471, 41.758242                                           
76.817, 41.269841                                           
77.163, 41.269841                                           
77.509, 40.781441                                           
77.855, 42.246642                                           
78.201, 41.269841                                           
78.547, 41.758242                                           
78.893, 41.269841                                           
79.239, 41.269841                                           
79.585, 41.758242                                           
79.931, 41.269841                                           
80.277, 40.781441                                           
80.623, 41.269841                                           
80.969, 41.269841                                           
81.315, 40.293040                                           
81.661, 39.804640                                           
82.007, 41.269841                                           
82.353, 40.293040                                           
82.699, 40.781441                                           
83.045, 41.269841                                           
83.391, 40.781441                                           
83.737, 41.269841                                           
84.083, 39.804640                                           
84.429, 38.827839                                           
84.775, 38.827839                                           
85.121, 39.804640                                           
85.467, 39.316239                                           
85.813, 38.339438                                           
86.159, 39.316239                                           
86.505, 38.827839                                           
86.851, 38.339438                                           
87.197, 37.851038                                           
87.543, 38.827839                                           
87.889, 38.339438                                           
88.235, 38.827839                                           
88.581, 38.339438                                           
88.927, 38.339438                                           
89.273, 38.339438                                           
89.619, 37.851038                                           
89.965, 38.339438                                           
90.311, 39.316239                                           
90.657, 38.827839                                           
91.003, 37.362637                                           
91.349, 38.827839                                           
91.696, 38.339438                                           
92.042, 37.362637                                           
92.388, 37.362637                                           
92.734, 38.339438                                           
93.080, 37.851038                                           
93.426, 37.362637                                           
93.772, 37.851038                                           
94.118, 37.851038                                           
94.464, 37.362637                                           
94.810, 37.362637                                           
95.156, 37.851038                                           
95.502, 37.362637                                           
95.848, 37.362637                                           
96.194, 36.874237                                           
96.540, 37.362637                                           
96.886, 36.874237                                           
97.232, 34.920635                                           
97.578, 36.385836                                           
97.924, 37.362637                                           
98.270, 36.385836                                           
98.616, 34.920635                                           
98.962, 36.385836                                           
99.308, 37.851038                                           
99.654, 37.362637
