0.000, 292.20374                                            
0.346, 292.20374                                            
0.692, 292.20374                                            
1.038, 292.20374                                            
1.384, 292.51481                                            
1.730, 292.35928                                            
2.076, 291.89267                                            
2.422, 291.89267                                            
2.768, 291.58160                                            
3.114, 291.58160                                            
3.460, 291.73713                                            
3.806, 291.27053                                            
4.152, 291.58160                                            
4.498, 291.11499                                            
4.844, 291.27053                                            
5.190, 290.33731                                            
5.536, 291.11499                                            
5.882, 290.64838                                            
6.228, 291.11499                                            
6.574, 289.71517                                            
6.920, 291.27053                                            
7.266, 290.64838                                            
7.612, 290.18177                                            
7.958, 290.64838                                            
8.304, 290.18177                                            
8.651, 290.33731                                            
8.997, 290.02624                                            
9.343, 289.71517                                            
9.689, 290.18177                                            
10.035, 289.40409                                           
10.381, 289.40409                                           
10.727, 289.71517                                           
11.073, 289.09302                                           
11.419, 289.24856                                           
11.765, 289.24856                                           
12.111, 289.40409                                           
12.457, 289.09302                                           
12.803, 288.78195                                           
13.149, 288.62641                                           
13.495, 288.47088                                           
13.841, 288.78195                                           
14.187, 287.22659                                           
14.533, 288.62641                                           
14.879, 288.15981                                           
15.225, 287.84873                                           
15.571, 287.84873                                           
15.917, 287.84873                                           
16.263, 288.00427                                           
16.609, 287.22659                                           
16.955, 287.53766                                           
17.301, 287.69320                                           
17.647, 287.22659                                           
17.993, 287.22659                                           
18.339, 287.22659                                           
18.685, 286.91552                                           
19.031, 286.60445                                           
19.377, 286.75998                                           
19.723, 286.29337                                           
20.069, 286.29337                                           
20.415, 286.29337                                           
20.761, 286.29337                                           
21.107, 286.13784                                           
21.453, 285.82677                                           
21.799, 285.98230                                           
22.145, 285.51569                                           
22.491, 285.51569                                           
22.837, 285.20462                                           
23.183, 285.36016                                           
23.529, 285.04909                                           
23.875, 284.89355                                           
24.221, 283.96033                                           
24.567, 284.42694                                           
24.913, 284.89355                                           
25.260, 284.11587                                           
25.606, 284.11587                                           
25.952, 283.80480                                           
26.298, 284.11587                                           
26.644, 283.49373                                           
26.990, 283.49373                                           
27.336, 282.87158                                           
27.682, 283.49373                                           
28.028, 283.49373                                           
28.374, 282.87158                                           
28.720, 283.33819                                           
29.066, 282.87158                                           
29.412, 282.56051                                           
29.758, 282.87158                                           
30.104, 282.56051                                           
30.450, 282.09390                                           
30.796, 281.93837                                           
31.142, 282.24944                                           
31.488, 281.93837                                           
31.834, 281.47176                                           
32.180, 281.78283                                           
32.526, 281.31622                                           
32.872, 281.31622                                           
33.218, 281.00515                                           
33.564, 281.00515                                           
33.910, 280.69408                                           
34.256, 280.38300                                           
34.602, 280.69408                                           
34.948, 279.60532                                           
35.294, 280.22747                                           
35.640, 280.07193                                           
35.986, 279.76086                                           
36.332, 278.36104                                           
36.678, 279.60532                                           
37.024, 279.76086                                           
37.370, 279.44979                                           
37.716, 279.13872                                           
38.062, 278.82764                                           
38.408, 278.67211                                           
38.754, 277.58336                                           
39.100, 278.67211                                           
39.446, 278.67211                                           
39.792, 278.20550                                           
40.138, 278.36104                                           
40.484, 277.89443                                           
40.830, 277.73889                                           
41.176, 277.58336                                           
41.522, 277.58336                                           
41.869, 277.58336                                           
42.215, 277.27228                                           
42.561, 277.27228                                           
42.907, 276.96121                                           
43.253, 277.58336                                           
43.599, 276.49460                                           
43.945, 276.65014                                           
44.291, 276.65014                                           
44.637, 276.33907                                           
44.983, 276.33907                                           
45.329, 275.25032                                           
45.675, 276.18353                                           
46.021, 275.71692                                           
46.367, 275.87246                                           
46.713, 275.56139                                           
47.059, 275.40585                                           
47.405, 275.09478                                           
47.751, 274.93924                                           
48.097, 275.09478                                           
48.443, 274.93924                                           
48.789, 275.09478                                           
49.135, 274.78371                                           
49.481, 274.47264                                           
49.827, 274.78371                                           
50.173, 274.16156                                           
50.519, 274.16156                                           
50.865, 274.16156                                           
51.211, 274.00603                                           
51.557, 273.85049                                           
51.903, 273.85049                                           
52.249, 273.53942                                           
52.595, 273.53942                                           
52.941, 273.38388                                           
53.287, 273.22835                                           
53.633, 273.53942                                           
53.979, 273.07281                                           
54.325, 271.98406                                           
54.671, 272.91728                                           
55.017, 273.07281                                           
55.363, 272.60620                                           
55.709, 271.51745                                           
56.055, 272.45067                                           
56.401, 272.13960                                           
56.747, 271.82852                                           
57.093, 271.67299                                           
57.439, 271.98406                                           
57.785, 271.20638                                           
58.131, 271.51745                                           
58.478, 271.51745                                           
58.824, 271.51745                                           
59.170, 271.36192                                           
59.516, 271.36192                                           
59.862, 271.05084                                           
60.208, 271.05084                                           
60.554, 270.89531                                           
60.900, 271.20638                                           
61.246, 270.58424                                           
61.592, 270.42870                                           
61.938, 270.58424                                           
62.284, 270.42870                                           
62.630, 270.27316                                           
62.976, 270.11763                                           
63.322, 270.11763                                           
63.668, 270.11763                                           
64.014, 270.11763                                           
64.360, 269.80656                                           
64.706, 269.49548                                           
65.052, 269.80656                                           
65.398, 269.18441                                           
65.744, 269.65102                                           
66.090, 269.18441                                           
66.436, 269.18441                                           
66.782, 269.18441                                           
67.128, 268.87334                                           
67.474, 268.56227                                           
67.820, 268.71780                                           
68.166, 268.87334                                           
68.512, 266.85137                                           
68.858, 268.87334                                           
69.204, 268.56227                                           
69.550, 268.56227                                           
69.896, 268.56227                                           
70.242, 268.40673                                           
70.588, 268.56227                                           
70.934, 268.09566                                           
71.280, 268.25120                                           
71.626, 267.94012                                           
71.972, 267.94012                                           
72.318, 268.09566                                           
72.664, 267.94012                                           
73.010, 268.09566                                           
73.356, 267.78459                                           
73.702, 267.62905                                           
74.048, 267.47352                                           
74.394, 267.31798                                           
74.740, 267.00691                                           
75.087, 266.54030                                           
75.433, 266.07369                                           
75.779, 267.31798                                           
76.125, 266.69584                                           
76.471, 266.38476                                           
76.817, 267.00691                                           
77.163, 266.38476                                           
77.509, 266.54030                                           
77.855, 266.54030                                           
78.201, 266.38476                                           
78.547, 266.22923                                           
78.893, 266.22923                                           
79.239, 266.07369                                           
79.585, 266.22923                                           
79.931, 266.22923                                           
80.277, 266.22923                                           
80.623, 265.91816                                           
80.969, 265.76262                                           
81.315, 265.91816                                           
81.661, 265.91816                                           
82.007, 265.60708                                           
82.353, 265.76262                                           
82.699, 265.45155                                           
83.045, 265.29601                                           
83.391, 265.60708                                           
83.737, 265.29601                                           
84.083, 265.29601                                           
84.429, 264.98494                                           
84.775, 265.45155                                           
85.121, 264.98494                                           
85.467, 264.20726                                           
85.813, 264.82940                                           
86.159, 264.98494                                           
86.505, 264.82940                                           
86.851, 263.89619                                           
87.197, 264.82940                                           
87.543, 264.51833                                           
87.889, 264.98494                                           
88.235, 264.51833                                           
88.581, 264.51833                                           
88.927, 264.20726                                           
89.273, 264.20726                                           
89.619, 264.36279                                           
89.965, 264.20726                                           
90.311, 264.05172                                           
90.657, 264.05172                                           
91.003, 263.89619                                           
91.349, 263.58511                                           
91.696, 263.89619                                           
92.042, 264.05172                                           
92.388, 263.74065                                           
92.734, 263.74065                                           
93.080, 263.58511                                           
93.426, 263.58511                                           
93.772, 263.58511                                           
94.118, 263.58511                                           
94.464, 263.58511                                           
94.810, 263.27404                                           
95.156, 263.58511                                           
95.502, 263.27404                                           
95.848, 262.49636                                           
96.194, 262.96297                                           
96.540, 262.80743                                           
96.886, 263.11851                                           
97.232, 262.49636                                           
97.578, 263.11851                                           
97.924, 262.65190                                           
98.270, 262.80743                                           
98.616, 262.18529                                           
98.962, 262.80743                                           
99.308, 262.65190                                           
99.654, 262.65190                                           
