0.000, 92.551893                                            
34.602, 92.063492                                           
69.204, 90.109890                                           
103.806, 90.109890                                          
138.408, 91.086691                                          
173.010, 92.063492                                          
207.612, 90.598291                                          
242.215, 89.133089                                          
276.817, 89.133089                                          
311.419, 88.644689                                          
346.021, 87.667888                                          
380.623, 87.179487                                          
415.225, 87.667888                                          
449.827, 86.202686                                          
484.429, 85.714286                                          
519.031, 88.156288                                          
553.633, 84.737485                                          
588.235, 85.225885                                          
622.837, 83.760684                                          
657.439, 84.249084                                          
692.042, 84.249084                                          
726.644, 84.249084                                          
761.246, 84.249084                                          
795.848, 83.272283                                          
830.450, 83.760684                                          
865.052, 82.295482                                          
899.654, 81.318681                                          
934.256, 79.853480                                          
968.858, 82.295482                                          
1003.460, 81.807082                                         
1038.062, 80.830281                                         
1072.664, 79.853480                                         
1107.266, 80.830281                                         
1141.869, 80.341880                                         
1176.471, 78.876679                                         
1211.073, 79.853480                                         
1245.675, 80.341880                                         
1280.277, 80.341880                                         
1314.879, 78.876679                                         
1349.481, 80.341880                                         
1384.083, 78.388278                                         
1418.685, 77.899878                                         
1453.287, 77.899878                                         
1487.889, 75.457875                                         
1522.491, 78.388278                                         
1557.093, 80.341880                                         
1591.696, 77.411477                                         
1626.298, 75.946276                                         
1660.900, 74.969475                                         
1695.502, 75.946276                                         
1730.104, 76.434676                                         
1764.706, 75.457875                                         
1799.308, 75.946276                                         
1833.910, 74.969475                                         
1868.512, 73.992674                                         
1903.114, 75.457875                                         
1937.716, 73.992674                                         
1972.318, 74.481074                                         
2006.920, 73.015873                                         
2041.522, 73.992674                                         
2076.125, 73.504274                                         
2110.727, 73.504274                                         
2145.329, 73.015873                                         
2179.931, 73.015873                                         
2214.533, 72.527473                                         
2249.135, 72.527473                                         
2283.737, 72.527473                                         
2318.339, 71.062271                                         
2352.941, 72.527473                                         
2387.543, 72.527473                                         
2422.145, 72.527473                                         
2456.747, 70.573871                                         
2491.349, 71.550672                                         
2525.952, 71.062271                                         
2560.554, 71.062271                                         
2595.156, 72.527473                                         
2629.758, 71.062271                                         
2664.360, 72.527473                                         
2698.962, 70.085470                                         
2733.564, 70.573871                                         
2768.166, 70.573871                                         
2802.768, 70.085470                                         
2837.370, 69.108669                                         
2871.972, 68.620269                                         
2906.574, 69.597070                                         
2941.176, 69.108669                                         
2975.779, 69.108669                                         
3010.381, 68.131868                                         
3044.983, 68.131868                                         
3079.585, 68.131868                                         
3114.187, 67.643468                                         
3148.789, 67.643468                                         
3183.391, 66.666667                                         
3217.993, 67.155067                                         
3252.595, 67.155067                                         
3287.197, 66.666667                                         
3321.799, 66.666667                                         
3356.401, 66.666667                                         
3391.003, 66.666667                                         
3425.606, 66.178266                                         
3460.208, 65.201465                                         
3494.810, 66.666667                                         
3529.412, 65.689866                                         
3564.014, 64.224664                                         
3598.616, 64.713065                                         
3633.218, 62.759463                                         
3667.820, 64.713065                                         
3702.422, 63.736264                                         
3737.024, 64.713065                                         
3771.626, 64.713065                                         
3806.228, 63.736264                                         
3840.830, 63.247863                                         
3875.433, 63.736264                                         
3910.035, 63.247863                                         
3944.637, 62.271062                                         
3979.239, 63.736264                                         
4013.841, 62.759463                                         
4048.443, 61.782662                                         
4083.045, 61.782662                                         
4117.647, 62.759463                                         
4152.249, 62.271062                                         
4186.851, 60.805861                                         
4221.453, 61.294261                                         
4256.055, 61.294261                                         
4290.657, 61.294261                                         
4325.260, 60.805861                                         
4359.862, 60.805861                                         
4394.464, 59.829060                                         
4429.066, 60.317460                                         
4463.668, 59.829060                                         
4498.270, 60.805861                                         
4532.872, 59.340659                                         
4567.474, 60.805861                                         
4602.076, 59.829060                                         
4636.678, 60.805861                                         
4671.280, 60.805861                                         
4705.882, 58.852259                                         
4740.484, 60.805861                                         
4775.087, 59.340659                                         
4809.689, 58.363858                                         
4844.291, 58.852259                                         
4878.893, 58.363858                                         
4913.495, 58.363858                                         
4948.097, 57.875458                                         
4982.699, 58.852259                                         
5017.301, 57.387057                                         
5051.903, 57.387057                                         
5086.505, 57.387057                                         
5121.107, 56.410256                                         
5155.709, 56.898657                                         
5190.311, 56.898657                                         
5224.913, 55.921856                                         
5259.516, 54.945055                                         
5294.118, 55.921856                                         
5328.720, 55.921856                                         
5363.322, 55.433455                                         
5397.924, 55.433455                                         
5432.526, 55.921856                                         
5467.128, 54.456654                                         
5501.730, 54.945055                                         
5536.332, 54.945055                                         
5570.934, 54.456654                                         
5605.536, 55.433455                                         
5640.138, 55.433455                                         
5674.740, 53.968254                                         
5709.343, 52.991453                                         
5743.945, 54.945055                                         
5778.547, 54.945055                                         
5813.149, 54.945055                                         
5847.751, 54.456654                                         
5882.353, 52.503053                                         
5916.955, 54.945055                                         
5951.557, 53.479853                                         
5986.159, 53.968254                                         
6020.761, 52.991453                                         
6055.363, 54.456654                                         
6089.965, 53.479853                                         
6124.567, 52.503053                                         
6159.170, 52.503053                                         
6193.772, 52.503053                                         
6228.374, 52.991453                                         
6262.976, 52.014652                                         
6297.578, 51.526252                                         
6332.180, 50.549451                                         
6366.782, 51.526252                                         
6401.384, 51.526252                                         
6435.986, 51.037851                                         
6470.588, 51.526252                                         
6505.190, 51.526252                                         
6539.792, 52.014652                                         
6574.394, 51.037851                                         
6608.997, 51.037851                                         
6643.599, 50.061050                                         
6678.201, 52.991453                                         
6712.803, 50.061050                                         
6747.405, 50.549451                                         
6782.007, 48.595849                                         
6816.609, 50.549451                                         
6851.211, 51.037851                                         
6885.813, 50.061050                                         
6920.415, 50.061050                                         
6955.017, 51.037851                                         
6989.619, 50.549451                                         
7024.221, 50.061050                                         
7058.824, 50.549451                                         
7093.426, 50.061050                                         
7128.028, 51.037851                                         
7162.630, 48.595849                                         
7197.232, 49.572650                                         
7231.834, 49.572650                                         
7266.436, 49.084249                                         
7301.038, 49.572650                                         
7335.640, 49.084249                                         
7370.242, 49.084249                                         
7404.844, 49.084249                                         
7439.446, 49.084249                                         
7474.048, 48.107448                                         
7508.651, 49.084249                                         
7543.253, 48.595849                                         
7577.855, 47.619048                                         
7612.457, 47.619048                                         
7647.059, 47.130647                                         
7681.661, 47.619048                                         
7716.263, 47.130647                                         
7750.865, 49.084249                                         
7785.467, 46.153846                                         
7820.069, 47.130647                                         
7854.671, 47.130647                                         
7889.273, 47.130647                                         
7923.875, 47.130647                                         
7958.478, 45.177045                                         
7993.080, 46.153846                                         
8027.682, 44.688645                                         
8062.284, 46.153846                                         
8096.886, 45.177045                                         
8131.488, 46.642247                                         
8166.090, 43.711844                                         
8200.692, 46.153846                                         
8235.294, 44.688645                                         
8269.896, 43.711844                                         
8304.498, 45.665446                                         
8339.100, 45.177045                                         
8373.702, 45.177045                                         
8408.304, 44.200244                                         
8442.907, 45.177045                                         
8477.509, 44.688645                                         
8512.111, 45.177045                                         
8546.713, 44.200244                                         
8581.315, 44.688645                                         
8615.917, 43.223443                                         
8650.519, 45.177045                                         
8685.121, 44.200244                                         
8719.723, 43.711844                                         
8754.325, 43.711844                                         
8788.927, 43.711844                                         
8823.529, 43.711844                                         
8858.131, 44.200244                                         
8892.734, 45.177045                                         
8927.336, 45.177045                                         
8961.938, 42.246642                                         
8996.540, 44.200244                                         
9031.142, 43.223443                                         
9065.744, 42.246642                                         
9100.346, 41.269841                                         
9134.948, 42.735043                                         
9169.550, 43.223443                                         
9204.152, 41.269841                                         
9238.754, 41.758242                                         
9273.356, 42.246642                                         
9307.958, 45.177045                                         
9342.561, 41.758242                                         
9377.163, 42.246642                                         
9411.765, 42.246642                                         
9446.367, 41.758242                                         
9480.969, 42.735043                                         
9515.571, 41.758242                                         
9550.173, 42.246642                                         
9584.775, 41.758242                                         
9619.377, 40.781441                                         
9653.979, 40.781441                                         
9688.581, 41.269841                                         
9723.183, 41.269841                                         
9757.785, 40.781441                                         
9792.388, 39.804640                                         
9826.990, 39.804640                                         
9861.592, 39.804640                                         
9896.194, 41.269841                                         
9930.796, 39.316239                                         
9965.398, 40.293040                                         
